Winkel von Pendel1 Winkel von Pendel20,025 6,849 -9,559
0,050 7,293 -10,361
0,086 7,737 -11,284
0,111 8,026 -11,892
0,136 8,181 -12,378
0,161 8,270 -12,718
0,186 8,270 -12,961
0,211 8,203 -13,083
0,236 8,026 -13,083
0,261 7,848 -12,961
0,286 7,515 -12,718
0,311 7,182 -12,378
0,336 6,738 -11,892
0,361 6,250 -11,284
0,386 5,672 -10,628
0,411 5,073 -9,802
0,436 4,407 -8,927
0,461 3,719 -7,955
0,486 3,008 -6,935
0,511 2,231 -5,793
0,536 1,454 -4,651
0,561 0,677 -3,435
0,586 -0,144 -2,245
0,611 -0,921 -0,981
0,636 -1,742 0,282
0,661 -2,497 1,546
0,686 -3,252 2,761
0,711 -3,962 3,976
0,736 -4,651 5,118
0,761 -5,272 6,236
0,786 -5,849 7,281
0,811 -6,360 8,277
0,836 -6,871 9,152
0,861 -7,226 10,002
0,886 -7,581 10,707
0,911 -7,847 11,339
0,936 -8,047 11,849
0,961 -8,158 12,262
0,986 -8,225 12,554
1,011 -8,203 12,748
1,036 -8,092 12,797
1,061 -7,914 12,773
1,086 -7,648 12,578
1,111 -7,337 12,335
1,136 -6,959 11,922
1,161 -6,493 11,436
1,186 -6,027 10,829
1,211 -5,428 10,124
1,236 -4,828 9,322
1,261 -4,140 8,471
1,286 -3,452 7,475
1,311 -2,697 6,455
1,336 -1,942 5,337
1,361 -1,121 4,195
1,386 -0,366 2,980
1,411 0,478 1,740
1,436 1,232 0,477
1,461 2,032 -0,762
1,486 2,786 -2,026
1,511 3,519 -3,241
1,536 4,207 -4,456
1,561 4,895 -5,598
1,586 5,517 -6,740
1,611 6,094 -7,761
1,636 6,583 -8,757
1,661 7,071 -9,656
1,686 7,426 -10,458
1,711 7,759 -11,139
1,736 7,981 -11,770
1,761 8,159 -12,232
1,786 8,248 -12,621
1,812 8,270 -12,912
1,837 8,203 -13,058
1,863 8,070 -13,058
1,888 7,826 -13,010
1,915 7,537 -12,767
1,940 7,160 -12,426
1,967 6,694 -11,916
1,992 6,205 -11,309
2,019 5,584 -10,580
2,044 4,962 -9,778
2,069 4,296 -8,927
2,094 3,608 -7,931
2,119 2,853 -6,910
2,144 2,120 -5,768
2,169 1,321 -4,651
2,194 0,522 -3,411
2,219 -0,255 -2,196
2,244 -1,032 -0,957
2,269 -1,831 0,307
2,294 -2,586 1,570
2,319 -3,341 2,810
2,344 -4,051 4,000
2,369 -4,739 5,142
2,394 -5,339 6,260
2,419 -5,938 7,281
2,444 -6,427 8,277
2,469 -6,893 9,176
2,494 -7,270 10,002
2,519 -7,625 10,707
2,544 -7,870 11,339
2,569 -8,069 11,849
2,594 -8,158 12,262
2,619 -8,203 12,530
2,644 -8,158 12,724
2,669 -8,092 12,773
2,694 -7,892 12,748
2,719 -7,625 12,578
2,744 -7,292 12,311
2,769 -6,915 11,898
2,794 -6,427 11,436
2,819 -5,916 10,804
2,844 -5,339 10,124
2,869 -4,717 9,346
2,894 -4,051 8,423
2,919 -3,341 7,475
2,944 -2,586 6,406
2,969 -1,831 5,312
2,994 -1,032 4,170
3,019 -0,255 2,955
3,044 0,566 1,765
3,070 1,366 0,477
3,095 2,143 -0,811
3,120 2,920 -2,099
3,145 3,652 -3,338
3,171 4,363 -4,529
3,196 5,006 -5,695
3,221 5,650 -6,813
3,246 6,205 -7,882
3,271 6,716 -8,830
3,296 7,138 -9,729
3,321 7,515 -10,507
3,346 7,781 -11,211
3,371 8,026 -11,819
3,396 8,159 -12,305
3,421 8,248 -12,669
3,446 8,248 -12,937
3,473 8,181 -13,034
3,498 7,981 -13,058
3,523 7,781 -12,912
3,548 7,471 -12,718
3,574 7,093 -12,329
3,599 6,649 -11,868
3,624 6,139 -11,284
3,649 5,539 -10,628
3,676 4,873 -9,778
3,701 4,207 -8,879
3,726 3,475 -7,882
3,752 2,764 -6,837
3,777 1,987 -5,720
3,802 1,210 -4,553
3,827 0,411 -3,363
3,854 -0,433 -2,050
3,879 -1,254 -0,811
3,904 -2,031 0,477
3,929 -2,786 1,716
3,956 -3,585 3,004
3,981 -4,251 4,243
4,006 -4,939 5,385
4,031 -5,539 6,503
4,056 -6,116 7,499
4,081 -6,582 8,496
4,106 -7,026 9,371
4,131 -7,381 10,172
4,156 -7,714 10,853
4,181 -7,914 11,460
4,206 -8,114 11,922
4,231 -8,180 12,311
4,256 -8,203 12,578
4,281 -8,114 12,773
4,306 -8,003 12,797
4,331 -7,781 12,700
4,356 -7,492 12,530
4,381 -7,115 12,262
4,406 -6,737 11,801
4,431 -6,249 11,315
4,456 -5,738 10,683
4,481 -5,117 9,978
4,506 -4,495 9,128
4,531 -3,763 8,253
4,556 -3,074 7,232
4,581 -2,320 6,212
4,606 -1,565 5,094
4,631 -0,743 3,952
4,656 0,011 2,712
4,681 0,833 1,497
4,706 1,588 0,209
4,731 2,365 -1,054
4,756 3,097 -2,318
4,781 3,852 -3,484
4,806 4,518 -4,699
4,831 5,162 -5,841
4,856 5,761 -6,959
4,881 6,338 -7,980
4,906 6,782 -8,952
4,931 7,249 -9,802
4,956 7,582 -10,604
4,981 7,870 -11,260
5,006 8,048 -11,892
5,031 8,181 -12,329
5,056 8,248 -12,718
5,081 8,270 -12,912
5,106 8,137 -13,058
5,131 7,959 -13,010
5,156 7,693 -12,937
5,181 7,404 -12,669
5,206 7,004 -12,329
5,231 6,538 -11,843
5,256 6,005 -11,284
5,281 5,450 -10,580
5,306 4,807 -9,826
5,331 4,163 -8,927
5,356 3,430 -7,955
5,381 2,698 -6,910
5,406 1,965 -5,841
5,431 1,166 -4,675
5,456 0,367 -3,508
5,481 -0,388 -2,245
5,506 -1,187 -1,030
5,531 -1,987 0,258
5,556 -2,764 1,497
5,581 -3,474 2,737
5,606 -4,184 3,927
5,631 -4,828 5,094
5,657 -5,472 6,212
5,682 -6,005 7,281
5,707 -6,538 8,229
5,732 -6,959 9,176
5,757 -7,359 10,002
5,782 -7,670 10,707
5,807 -7,914 11,290
5,832 -8,047 11,825
5,857 -8,158 12,238
5,882 -8,180 12,505
5,907 -8,158 12,700
5,932 -8,003 12,773
5,957 -7,803 12,700
5,982 -7,537 12,554
6,007 -7,181 12,287
6,032 -6,760 11,922
6,057 -6,316 11,412
6,082 -5,783 10,829
6,107 -5,183 10,075
6,132 -4,495 9,322
6,157 -3,851 8,423
6,182 -3,119 7,499
6,207 -2,431 6,406
6,232 -1,631 5,337
6,258 -0,832 4,170
6,283 -0,011 2,931
6,308 0,744 1,692
6,333 1,565 0,428
6,358 2,320 -0,811
6,383 3,097 -2,050
6,408 3,785 -3,290
6,433 4,518 -4,456
6,458 5,140 -5,647
6,483 5,739 -6,740
6,508 6,250 -7,785
6,533 6,782 -8,733
6,558 7,182 -9,656
6,583 7,537 -10,434
6,608 7,826 -11,163
6,633 8,026 -11,746
6,658 8,137 -12,232
6,683 8,248 -12,597
6,708 8,203 -12,888
6,733 8,137 -13,010
6,758 7,959 -13,034
6,783 7,715 -12,912
6,808 7,382 -12,742
6,833 7,004 -12,378
6,859 6,538 -11,916
6,884 6,005 -11,357
6,909 5,450 -10,701
6,934 4,829 -9,924
6,959 4,141 -9,049
6,984 3,452 -8,125
7,009 2,720 -7,080
7,034 1,965 -5,987
7,060 1,166 -4,772
7,085 0,344 -3,630
7,110 -0,433 -2,391
7,135 -1,210 -1,176
7,160 -1,987 0,088
7,185 -2,764 1,352
7,210 -3,496 2,591
7,235 -4,162 3,782
7,260 -4,828 4,948
7,285 -5,472 6,041
7,310 -6,005 7,111
7,335 -6,515 8,083
7,360 -6,959 9,006
7,385 -7,337 9,832
7,410 -7,603 10,610
7,435 -7,892 11,193
7,462 -8,047 11,752
7,487 -8,136 12,165
7,512 -8,180 12,505
7,537 -8,114 12,675
7,562 -7,958 12,748
7,587 -7,759 12,724
7,612 -7,470 12,578
7,637 -7,137 12,262
7,664 -6,671 11,849
7,689 -6,182 11,387
7,714 -5,650 10,780
7,739 -5,050 10,100
7,764 -4,429 9,273
7,789 -3,763 8,399
7,814 -3,074 7,427
7,839 -2,320 6,406
7,865 -1,498 5,264
7,890 -0,699 4,122
7,915 0,078 2,882
7,940 0,899 1,716
7,965 1,654 0,428
7,990 2,409 -0,811
8,015 3,142 -2,075
8,040 3,874 -3,290
8,066 4,562 -4,505
8,091 5,228 -5,671
8,116 5,806 -6,789
8,141 6,338 -7,834
8,166 6,805 -8,830
8,191 7,226 -9,681
