Winkel von Pendel1 Winkel von Pendel20,026 -2,630 1,449
0,051 -2,475 1,206
0,089 -1,942 0,598
0,114 -1,432 0,039
0,139 -0,943 -0,495
0,164 -0,455 -1,054
0,189 0,100 -1,564
0,214 0,611 -2,099
0,239 1,144 -2,585
0,264 1,654 -3,071
0,289 2,165 -3,557
0,314 2,631 -3,994
0,339 3,142 -4,359
0,364 3,541 -4,723
0,389 3,919 -5,015
0,414 4,252 -5,282
0,439 4,562 -5,452
0,464 4,784 -5,598
0,489 5,006 -5,647
0,514 5,095 -5,647
0,539 5,140 -5,550
0,564 5,162 -5,404
0,589 5,117 -5,185
0,614 4,984 -4,918
0,639 4,829 -4,602
0,664 4,585 -4,262
0,689 4,296 -3,849
0,714 3,919 -3,411
0,739 3,586 -2,877
0,764 3,164 -2,366
0,789 2,742 -1,783
0,814 2,298 -1,273
0,839 1,832 -0,665
0,864 1,321 -0,131
0,889 0,855 0,477
0,914 0,344 0,987
0,939 -0,122 1,546
0,964 -0,588 1,983
0,989 -1,010 2,469
1,016 -1,454 2,907
1,041 -1,831 3,247
1,068 -2,186 3,587
1,093 -2,497 3,830
1,118 -2,741 4,025
1,143 -2,919 4,122
1,168 -3,074 4,195
1,193 -3,208 4,170
1,224 -3,274 4,122
1,249 -3,230 4,000
1,276 -3,163 3,782
1,301 -3,030 3,539
1,326 -2,852 3,223
1,351 -2,586 2,858
1,376 -2,342 2,421
1,401 -2,053 1,959
1,426 -1,676 1,473
1,451 -1,276 0,938
1,476 -0,899 0,380
1,501 -0,433 -0,204
1,526 -0,011 -0,787
1,551 0,478 -1,394
1,576 0,922 -1,977
1,602 1,388 -2,536
1,627 1,832 -3,071
1,653 2,320 -3,630
1,678 2,720 -4,116
1,704 3,075 -4,578
1,729 3,475 -4,966
1,755 3,763 -5,331
1,780 4,052 -5,622
1,805 4,296 -5,865
1,830 4,451 -5,987
1,856 4,562 -6,108
1,881 4,629 -6,108
1,910 4,607 -6,036
1,935 4,496 -5,890
1,963 4,363 -5,671
1,988 4,185 -5,380
2,013 3,941 -5,064
2,038 3,697 -4,651
2,063 3,364 -4,213
2,088 3,008 -3,727
2,113 2,609 -3,217
2,138 2,231 -2,658
2,163 1,787 -2,075
2,188 1,343 -1,467
2,213 0,899 -0,908
2,238 0,455 -0,277
2,263 -0,011 0,282
2,288 -0,410 0,890
2,313 -0,854 1,424
2,338 -1,210 1,959
2,363 -1,565 2,421
2,388 -1,898 2,882
2,413 -2,209 3,247
2,438 -2,431 3,587
2,464 -2,653 3,879
2,489 -2,808 4,122
2,514 -2,941 4,268
2,539 -2,963 4,389
2,566 -2,986 4,413
2,591 -2,919 4,389
2,616 -2,830 4,292
2,641 -2,675 4,122
2,666 -2,475 3,903
2,691 -2,231 3,636
2,716 -1,964 3,271
2,741 -1,609 2,907
2,766 -1,254 2,445
2,791 -0,854 1,983
2,816 -0,477 1,473
2,841 -0,033 0,963
2,866 0,389 0,355
2,891 0,855 -0,228
2,916 1,277 -0,835
2,941 1,743 -1,419
2,966 2,165 -2,026
2,991 2,609 -2,561
3,016 2,986 -3,120
3,041 3,386 -3,630
3,067 3,674 -4,116
3,092 3,985 -4,578
3,117 4,252 -4,942
3,142 4,451 -5,282
3,168 4,607 -5,574
3,193 4,696 -5,768
3,218 4,740 -5,890
3,243 4,696 -5,963
3,269 4,607 -5,963
3,294 4,474 -5,890
3,319 4,296 -5,744
3,344 4,030 -5,550
3,369 3,741 -5,282
3,394 3,386 -4,966
3,419 3,053 -4,578
3,444 2,631 -4,164
3,470 2,209 -3,678
3,495 1,721 -3,217
3,520 1,277 -2,658
3,545 0,788 -2,123
3,572 0,300 -1,540
3,597 -0,211 -0,957
3,622 -0,677 -0,349
3,647 -1,121 0,185
3,675 -1,587 0,744
3,700 -1,942 1,303
3,725 -2,320 1,789
3,750 -2,608 2,226
3,777 -2,875 2,639
3,802 -3,097 3,028
3,827 -3,252 3,320
3,854 -3,385 3,563
3,879 -3,407 3,757
3,904 -3,407 3,879
3,929 -3,363 3,976
3,957 -3,230 3,952
3,982 -3,052 3,927
4,007 -2,852 3,782
4,032 -2,542 3,611
4,057 -2,253 3,368
4,082 -1,876 3,101
4,107 -1,476 2,785
4,132 -1,032 2,396
4,157 -0,610 1,935
4,182 -0,122 1,497
4,207 0,367 1,011
4,232 0,877 0,525
4,257 1,388 -0,034
4,282 1,898 -0,568
4,307 2,365 -1,103
4,332 2,831 -1,613
4,357 3,275 -2,148
4,382 3,741 -2,634
4,407 4,141 -3,144
4,432 4,474 -3,557
4,457 4,718 -3,946
4,482 4,984 -4,310
4,507 5,140 -4,626
4,532 5,295 -4,893
4,557 5,339 -5,064
4,582 5,362 -5,209
4,607 5,295 -5,282
4,632 5,184 -5,282
4,657 4,984 -5,258
4,682 4,762 -5,136
4,707 4,451 -4,966
4,732 4,118 -4,748
4,757 3,719 -4,480
4,782 3,297 -4,116
4,807 2,809 -3,751
4,832 2,320 -3,363
4,858 1,787 -2,925
4,883 1,210 -2,439
4,908 0,677 -1,977
4,933 0,145 -1,467
4,958 -0,388 -0,957
4,983 -0,899 -0,471
5,008 -1,387 -0,009
5,033 -1,876 0,501
5,059 -2,342 0,963
5,084 -2,719 1,352
5,109 -3,074 1,740
5,134 -3,385 2,081
5,159 -3,629 2,421
5,184 -3,829 2,688
5,209 -3,962 2,882
5,234 -4,051 3,053
5,260 -4,073 3,174
5,285 -4,029 3,223
5,310 -3,918 3,247
5,335 -3,763 3,174
5,360 -3,541 3,077
5,385 -3,296 2,931
5,410 -2,941 2,761
5,435 -2,564 2,494
5,463 -2,075 2,178
5,488 -1,631 1,813
5,513 -1,099 1,473
5,538 -0,610 1,060
5,563 -0,055 0,598
5,588 0,500 0,137
5,613 1,055 -0,301
5,638 1,632 -0,762
5,663 2,209 -1,248
5,688 2,698 -1,734
5,713 3,230 -2,123
5,738 3,697 -2,585
5,763 4,163 -2,974
5,788 4,540 -3,338
5,813 4,940 -3,678
5,838 5,251 -3,994
5,863 5,495 -4,237
5,888 5,672 -4,432
5,913 5,806 -4,553
5,938 5,850 -4,699
5,963 5,850 -4,699
5,988 5,761 -4,699
6,013 5,628 -4,602
6,038 5,384 -4,480
6,064 5,117 -4,262
6,089 4,784 -4,043
6,114 4,407 -3,751
6,139 3,941 -3,435
6,164 3,497 -3,047
6,189 2,986 -2,658
6,214 2,453 -2,269
6,239 1,876 -1,832
6,265 1,321 -1,370
6,290 0,722 -0,908
6,315 0,145 -0,495
6,340 -0,410 -0,009
6,365 -0,965 0,428
6,390 -1,454 0,817
6,415 -1,964 1,206
6,440 -2,431 1,570
6,466 -2,852 1,886
6,491 -3,230 2,202
6,516 -3,541 2,445
6,541 -3,763 2,639
6,566 -4,007 2,785
6,591 -4,140 2,907
6,616 -4,229 2,955
6,641 -4,251 2,955
6,667 -4,207 2,882
6,692 -4,096 2,785
6,717 -3,985 2,615
6,742 -3,718 2,421
6,767 -3,452 2,153
6,792 -3,097 1,886
6,817 -2,719 1,570
6,842 -2,275 1,206
6,868 -1,831 0,793
6,893 -1,321 0,380
6,918 -0,788 -0,082
6,943 -0,233 -0,495
6,968 0,300 -0,957
6,993 0,855 -1,419
7,018 1,432 -1,905
7,043 2,009 -2,293
7,069 2,564 -2,731
7,094 3,097 -3,120
7,119 3,563 -3,533
7,144 4,030 -3,824
7,169 4,429 -4,164
7,194 4,807 -4,383
7,219 5,095 -4,578
7,244 5,362 -4,699
7,271 5,539 -4,772
7,296 5,650 -4,821
7,321 5,695 -4,772
7,346 5,695 -4,675
7,371 5,650 -4,529
7,396 5,473 -4,335
7,421 5,273 -4,092
7,446 4,984 -3,800
7,473 4,673 -3,411
7,498 4,274 -3,022
7,523 3,874 -2,585
7,548 3,408 -2,172
7,573 2,920 -1,710
7,598 2,387 -1,224
7,623 1,876 -0,738
7,648 1,321 -0,277
7,675 0,788 0,234
7,700 0,211 0,695
7,725 -0,299 1,157
7,750 -0,810 1,570
7,775 -1,321 1,935
7,800 -1,787 2,299
7,825 -2,186 2,615
7,850 -2,586 2,834
7,878 -2,963 3,077
7,903 -3,208 3,247
7,928 -3,452 3,344
7,953 -3,629 3,393
7,978 -3,785 3,368
8,003 -3,829 3,320
8,028 -3,851 3,198
8,054 -3,763 3,028
8,079 -3,652 2,785
8,104 -3,496 2,542
8,129 -3,274 2,202
8,154 -2,986 1,838
8,179 -2,697 1,449
8,204 -2,320 1,036
8,229 -1,942 0,574
8,254 -1,476 0,088
8,279 -1,010 -0,447
8,306 -0,499 -0,981
8,331 0,034 -1,492
8,356 0,566 -2,002
8,381 1,055 -2,488
8,406 1,565 -2,950
8,431 2,076 -3,435
8,456 2,542 -3,849
8,481 2,986 -4,213
8,506 3,430 -4,578
8,531 3,808 -4,869
8,557 4,163 -5,136
8,582 4,451 -5,282
8,607 4,673 -5,428
8,632 4,873 -5,452
8,657 4,984 -5,501
8,682 5,051 -5,404
8,707 5,073 -5,282
8,732 5,051 -5,088
8,757 4,918 -4,845
8,782 4,762 -4,529
8,808 4,518 -4,140
8,833 4,252 -3,727
8,858 3,919 -3,314
8,883 3,586 -2,804
8,908 3,164 -2,342
8,933 2,742 -1,783
8,958 2,298 -1,248
8,983 1,854 -0,690
9,008 1,388 -0,155
9,033 0,922 0,404
9,060 0,411 0,938
9,085 -0,077 1,449
9,110 -0,544 1,910
9,135 -0,943 2,372
9,160 -1,365 2,737
9,185 -1,720 3,101
9,210 -2,098 3,368
9,235 -2,386 3,660
9,260 -2,630 3,830
9,285 -2,830 3,976
9,312 -3,008 4,025
9,337 -3,119 4,000
9,362 -3,141 3,952
9,387 -3,141 3,854
9,412 -3,074 3,709
9,439 -2,986 3,466
