Winkel von Pendel1 Winkel von Pendel20,025 2,254 -2,877
0,050 4,340 -5,015
0,077 5,140 -5,817
0,102 5,539 -6,181
0,127 5,806 -6,424
0,152 6,028 -6,595
0,177 6,116 -6,692
0,202 6,205 -6,692
0,227 6,183 -6,667
0,252 6,161 -6,570
0,277 6,028 -6,449
0,302 5,894 -6,230
0,327 5,672 -5,963
0,352 5,428 -5,622
0,377 5,117 -5,258
0,402 4,740 -4,821
0,427 4,318 -4,383
0,452 3,896 -3,873
0,477 3,430 -3,363
0,502 2,942 -2,755
0,527 2,409 -2,196
0,552 1,876 -1,589
0,577 1,299 -1,006
0,602 0,766 -0,349
0,627 0,167 0,234
0,652 -0,366 0,841
0,677 -0,943 1,449
0,702 -1,498 2,056
0,727 -2,031 2,567
0,752 -2,519 3,077
0,777 -2,963 3,539
0,802 -3,407 4,025
0,827 -3,785 4,389
0,852 -4,118 4,778
0,877 -4,451 5,045
0,902 -4,717 5,288
0,927 -4,939 5,458
0,952 -5,072 5,604
0,977 -5,183 5,677
1,007 -5,206 5,653
1,032 -5,183 5,628
1,057 -5,117 5,483
1,082 -4,984 5,337
1,107 -4,806 5,069
1,132 -4,562 4,802
1,157 -4,295 4,438
1,182 -3,940 4,049
1,207 -3,541 3,587
1,232 -3,141 3,125
1,257 -2,697 2,615
1,282 -2,209 2,081
1,307 -1,720 1,497
1,332 -1,165 0,938
1,357 -0,610 0,307
1,382 -0,055 -0,301
1,407 0,522 -0,957
1,432 1,099 -1,564
1,457 1,632 -2,172
1,482 2,187 -2,706
1,507 2,698 -3,314
1,532 3,208 -3,824
1,557 3,674 -4,335
1,582 4,163 -4,796
1,607 4,540 -5,234
1,632 4,918 -5,574
1,657 5,228 -5,914
1,682 5,539 -6,181
1,708 5,761 -6,424
1,733 5,961 -6,570
1,759 6,072 -6,692
1,784 6,161 -6,716
1,810 6,161 -6,692
1,835 6,116 -6,570
1,861 5,983 -6,424
1,886 5,828 -6,230
1,911 5,606 -5,938
1,936 5,317 -5,622
1,963 4,984 -5,209
1,988 4,607 -4,796
2,016 4,185 -4,286
2,041 3,719 -3,776
2,066 3,230 -3,265
2,091 2,742 -2,658
2,116 2,209 -2,099
2,141 1,632 -1,467
2,166 1,077 -0,860
2,191 0,544 -0,228
2,216 -0,033 0,380
2,241 -0,566 0,987
2,266 -1,121 1,570
2,291 -1,676 2,153
2,316 -2,186 2,688
2,341 -2,675 3,198
2,366 -3,119 3,660
2,391 -3,518 4,098
2,416 -3,940 4,486
2,441 -4,251 4,826
2,466 -4,517 5,094
2,491 -4,762 5,361
2,516 -4,939 5,483
2,541 -5,072 5,628
2,566 -5,139 5,677
2,591 -5,161 5,677
2,616 -5,139 5,604
2,641 -5,072 5,507
2,666 -4,939 5,312
2,691 -4,739 5,094
2,716 -4,517 4,778
2,741 -4,207 4,438
2,766 -3,896 4,049
2,791 -3,474 3,611
2,816 -3,074 3,150
2,841 -2,586 2,639
2,867 -2,120 2,081
2,892 -1,587 1,497
2,917 -1,054 0,890
2,942 -0,521 0,282
2,967 0,056 -0,349
2,992 0,611 -0,957
3,017 1,166 -1,589
3,042 1,721 -2,148
3,067 2,254 -2,755
3,092 2,786 -3,290
3,117 3,275 -3,849
3,142 3,763 -4,359
3,168 4,207 -4,845
3,193 4,607 -5,282
3,218 4,962 -5,647
3,243 5,317 -5,938
3,270 5,584 -6,230
3,295 5,806 -6,449
3,320 5,961 -6,595
3,345 6,072 -6,667
3,372 6,116 -6,716
3,397 6,116 -6,716
3,422 6,072 -6,595
3,447 5,894 -6,449
3,474 5,717 -6,181
3,499 5,473 -5,938
3,524 5,206 -5,574
3,549 4,851 -5,185
3,575 4,496 -4,748
3,600 4,074 -4,286
3,625 3,630 -3,776
3,650 3,142 -3,241
3,677 2,609 -2,634
3,702 2,098 -2,002
3,727 1,543 -1,419
3,754 0,922 -0,762
3,779 0,367 -0,155
3,804 -0,188 0,477
3,829 -0,721 1,060
3,856 -1,298 1,692
3,881 -1,876 2,251
3,906 -2,364 2,785
3,931 -2,808 3,296
3,959 -3,319 3,806
3,984 -3,674 4,243
4,009 -4,073 4,583
4,034 -4,340 4,948
4,059 -4,628 5,215
4,084 -4,828 5,434
4,109 -4,984 5,555
4,134 -5,072 5,653
4,159 -5,139 5,701
4,184 -5,117 5,653
4,209 -5,072 5,555
4,234 -4,961 5,458
4,259 -4,806 5,240
4,284 -4,562 4,997
4,309 -4,318 4,656
4,334 -4,007 4,292
4,359 -3,652 3,903
4,384 -3,230 3,466
4,409 -2,808 2,955
4,434 -2,364 2,445
4,459 -1,853 1,862
4,484 -1,321 1,303
4,509 -0,810 0,671
4,534 -0,211 0,088
4,559 0,300 -0,544
4,584 0,899 -1,151
4,609 1,432 -1,759
4,634 1,987 -2,366
4,659 2,498 -2,974
4,684 3,008 -3,508
4,709 3,497 -4,019
4,734 3,963 -4,480
4,759 4,385 -4,942
4,784 4,762 -5,355
4,809 5,073 -5,720
4,834 5,406 -6,036
4,859 5,628 -6,303
4,884 5,828 -6,473
4,909 5,961 -6,643
4,934 6,072 -6,692
4,959 6,094 -6,716
4,984 6,072 -6,667
5,009 5,983 -6,546
5,034 5,850 -6,376
5,060 5,650 -6,157
5,085 5,428 -5,865
5,110 5,117 -5,550
5,135 4,784 -5,112
5,160 4,385 -4,723
5,185 3,985 -4,262
5,210 3,519 -3,727
5,235 3,031 -3,168
5,260 2,498 -2,634
5,285 1,987 -2,026
5,310 1,432 -1,443
5,335 0,877 -0,811
5,360 0,322 -0,228
5,385 -0,188 0,404
5,410 -0,788 1,011
5,435 -1,276 1,643
5,460 -1,831 2,153
5,485 -2,320 2,712
5,510 -2,786 3,223
5,535 -3,208 3,684
5,560 -3,652 4,098
5,585 -3,962 4,511
5,610 -4,295 4,826
5,635 -4,540 5,118
5,660 -4,784 5,312
5,685 -4,917 5,507
5,710 -5,050 5,604
5,735 -5,117 5,701
5,760 -5,139 5,677
5,785 -5,072 5,628
5,810 -4,961 5,458
5,835 -4,784 5,312
5,861 -4,628 5,069
5,886 -4,340 4,754
5,911 -4,051 4,413
5,936 -3,674 4,025
5,961 -3,296 3,587
5,986 -2,875 3,101
6,011 -2,386 2,591
6,036 -1,898 2,056
6,062 -1,365 1,449
6,087 -0,854 0,841
6,112 -0,277 0,258
6,137 0,278 -0,398
6,162 0,833 -0,981
6,187 1,366 -1,613
6,212 1,943 -2,196
6,237 2,476 -2,779
6,263 3,008 -3,363
6,288 3,452 -3,921
6,313 3,919 -4,359
6,338 4,340 -4,869
6,363 4,740 -5,258
6,388 5,073 -5,671
6,413 5,362 -5,938
6,438 5,584 -6,230
6,464 5,806 -6,424
6,489 5,961 -6,619
6,514 6,050 -6,667
6,539 6,094 -6,716
6,564 6,072 -6,643
6,589 5,961 -6,570
6,614 5,828 -6,400
6,639 5,606 -6,230
6,666 5,362 -5,914
6,691 5,073 -5,598
6,716 4,740 -5,234
6,741 4,363 -4,796
6,766 3,941 -4,335
6,791 3,497 -3,824
6,816 3,008 -3,290
6,841 2,476 -2,706
6,867 1,943 -2,099
6,892 1,410 -1,467
6,917 0,855 -0,884
6,942 0,300 -0,252
6,967 -0,255 0,331
6,992 -0,788 0,963
7,017 -1,321 1,546
7,042 -1,831 2,105
7,068 -2,364 2,664
7,093 -2,830 3,174
7,118 -3,252 3,636
7,143 -3,629 4,098
7,168 -4,007 4,462
7,193 -4,273 4,802
7,218 -4,562 5,069
7,243 -4,762 5,312
7,269 -4,961 5,483
7,294 -5,028 5,628
7,319 -5,095 5,653
7,344 -5,095 5,653
7,369 -5,072 5,580
7,394 -4,917 5,483
7,419 -4,762 5,288
7,444 -4,562 5,094
7,472 -4,295 4,754
7,497 -3,962 4,389
7,522 -3,607 3,976
7,547 -3,208 3,539
7,572 -2,764 3,077
7,597 -2,275 2,567
7,622 -1,787 2,008
7,647 -1,276 1,424
7,673 -0,721 0,841
7,698 -0,188 0,209
7,723 0,389 -0,398
7,748 0,944 -1,030
7,773 1,477 -1,637
7,798 2,009 -2,245
7,823 2,542 -2,804
7,848 3,053 -3,387
7,876 3,563 -3,946
7,901 4,030 -4,432
7,926 4,451 -4,893
7,951 4,784 -5,307
7,976 5,140 -5,671
8,001 5,406 -5,987
8,026 5,672 -6,230
8,053 5,850 -6,449
8,078 5,983 -6,619
8,103 6,050 -6,692
8,128 6,072 -6,716
8,153 6,028 -6,643
8,178 5,917 -6,546
8,203 5,761 -6,376
8,228 5,561 -6,181
8,253 5,295 -5,865
8,278 4,984 -5,525
8,305 4,651 -5,136
8,330 4,229 -4,723
8,355 3,785 -4,237
8,380 3,341 -3,751
8,405 2,853 -3,168
8,430 2,320 -2,609
8,455 1,832 -2,050
8,480 1,255 -1,467
8,505 0,744 -0,811
8,530 0,145 -0,204
8,557 -0,410 0,452
8,582 -0,965 1,036
8,607 -1,498 1,619
8,632 -2,031 2,178
8,657 -2,497 2,712
8,682 -2,963 3,198
8,707 -3,385 3,684
8,732 -3,763 4,098
8,757 -4,096 4,486
8,782 -4,384 4,802
8,809 -4,651 5,094
8,834 -4,828 5,337
8,859 -5,006 5,483
8,884 -5,050 5,604
8,909 -5,095 5,653
8,934 -5,072 5,628
8,959 -5,006 5,531
8,984 -4,850 5,385
9,009 -4,695 5,215
9,034 -4,451 4,997
9,061 -4,184 4,632
9,086 -3,829 4,292
9,111 -3,452 3,879
9,136 -3,052 3,466
9,161 -2,608 2,955
9,186 -2,120 2,445
9,211 -1,631 1,886
9,236 -1,076 1,327
9,261 -0,566 0,720
9,286 -0,011 0,137
9,313 0,611 -0,519
9,338 1,144 -1,151
9,363 1,676 -1,759
9,388 2,209 -2,342
9,413 2,764 -2,925
9,438 3,230 -3,484
9,463 3,719 -3,994
9,488 4,163 -4,505
9,513 4,562 -4,942
9,538 4,895 -5,355
9,565 5,273 -5,695
9,590 5,495 -6,036
9,615 5,739 -6,254
9,640 5,872 -6,449
9,665 6,005 -6,546
9,690 6,028 -6,619
9,715 6,050 -6,643
9,740 5,983 -6,619
9,765 5,872 -6,473
9,790 5,695 -6,327
9,821 5,428 -6,060
9,846 5,162 -5,744
9,871 4,807 -5,355
9,896 4,429 -4,942
9,921 4,007 -4,553
9,946 3,586 -4,067
9,971 3,097 -3,557
9,996 2,631 -2,998
10,021 2,098 -2,463
10,046 1,565 -1,880
10,071 1,010 -1,273
10,096 0,455 -0,641
10,121 -0,122 -0,058
10,146 -0,632 0,574
10,171 -1,187 1,157
10,196 -1,720 1,740
10,221 -2,209 2,275
10,246 -2,675 2,834
10,271 -3,141 3,320
10,296 -3,518 3,757
10,321 -3,874 4,170
10,346 -4,184 4,559
10,371 -4,495 4,851
10,396 -4,695 5,118
10,421 -4,873 5,312
10,446 -4,984 5,483
10,471 -5,095 5,580
10,496 -5,095 5,653
10,521 -5,072 5,604
10,546 -4,939 5,507
10,571 -4,828 5,361
10,596 -4,606 5,167
10,621 -4,384 4,924
10,646 -4,073 4,608
10,671 -3,763 4,243
10,696 -3,385 3,879
10,721 -2,963 3,417
10,746 -2,475 2,931
10,771 -2,031 2,396
10,796 -1,498 1,886
10,821 -0,965 1,254
10,846 -0,433 0,671
10,871 0,100 0,088
10,896 0,655 -0,519
10,921 1,210 -1,151
10,946 1,743 -1,734
10,971 2,254 -2,342
