Winkel von Pendel1 Winkel von Pendel20,025 -0,322 0,890
0,050 0,766 -0,252
0,076 1,477 -1,054
0,101 2,076 -1,759
0,126 2,631 -2,439
0,153 3,230 -3,071
0,178 3,719 -3,727
0,203 4,207 -4,286
0,228 4,607 -4,796
0,253 4,984 -5,282
0,278 5,317 -5,744
0,303 5,628 -6,084
0,328 5,850 -6,449
0,353 6,050 -6,716
0,378 6,161 -6,910
0,403 6,227 -7,008
0,428 6,205 -7,105
0,453 6,139 -7,080
0,478 6,028 -7,032
0,503 5,828 -6,862
0,528 5,561 -6,692
0,553 5,273 -6,376
0,578 4,918 -6,060
0,603 4,518 -5,647
0,628 4,052 -5,185
0,653 3,586 -4,675
0,678 3,075 -4,140
0,703 2,564 -3,557
0,728 1,987 -2,974
0,753 1,432 -2,342
0,778 0,855 -1,710
0,803 0,278 -1,006
0,828 -0,322 -0,374
0,853 -0,877 0,282
0,878 -1,454 0,938
0,903 -1,964 1,546
0,928 -2,497 2,129
0,953 -2,919 2,737
0,978 -3,385 3,223
1,003 -3,763 3,733
1,028 -4,096 4,170
1,053 -4,362 4,535
1,078 -4,606 4,851
1,103 -4,762 5,142
1,128 -4,895 5,337
1,153 -4,939 5,483
1,178 -4,939 5,531
1,205 -4,873 5,580
1,230 -4,784 5,507
1,255 -4,562 5,410
1,280 -4,318 5,191
1,305 -4,007 4,948
1,330 -3,696 4,632
1,355 -3,274 4,268
1,380 -2,875 3,854
1,405 -2,364 3,368
1,430 -1,876 2,834
1,455 -1,321 2,324
1,480 -0,743 1,716
1,505 -0,166 1,133
1,530 0,411 0,477
1,556 1,010 -0,179
1,581 1,588 -0,860
1,606 2,187 -1,467
1,631 2,742 -2,123
1,656 3,275 -2,779
1,681 3,808 -3,363
1,707 4,274 -3,921
1,732 4,718 -4,456
1,757 5,117 -4,991
1,782 5,495 -5,404
1,809 5,783 -5,841
1,834 6,028 -6,181
1,860 6,227 -6,473
1,885 6,361 -6,667
1,911 6,383 -6,813
1,936 6,361 -6,886
1,962 6,294 -6,862
1,987 6,139 -6,837
2,014 5,917 -6,667
2,039 5,628 -6,497
2,064 5,317 -6,206
2,089 4,940 -5,914
2,114 4,540 -5,501
2,139 4,052 -5,088
2,164 3,563 -4,602
2,189 3,031 -4,092
2,214 2,498 -3,533
2,239 1,921 -2,950
2,264 1,321 -2,342
2,289 0,677 -1,734
2,314 0,100 -1,078
2,339 -0,521 -0,471
2,364 -1,076 0,185
2,389 -1,676 0,793
2,414 -2,186 1,449
2,439 -2,697 2,008
2,464 -3,163 2,567
2,489 -3,607 3,077
2,514 -3,962 3,563
2,539 -4,318 3,952
2,564 -4,584 4,365
2,589 -4,784 4,656
2,614 -4,961 4,924
2,639 -5,095 5,094
2,664 -5,095 5,264
2,689 -5,117 5,312
2,714 -5,028 5,337
2,739 -4,895 5,288
2,766 -4,695 5,167
2,791 -4,429 4,972
2,816 -4,096 4,754
2,841 -3,740 4,438
2,866 -3,341 4,122
2,891 -2,897 3,709
2,916 -2,364 3,271
2,941 -1,876 2,785
2,966 -1,276 2,251
2,991 -0,743 1,692
3,016 -0,122 1,084
3,041 0,478 0,428
3,066 1,099 -0,179
3,091 1,699 -0,811
3,116 2,298 -1,419
3,141 2,875 -2,026
3,166 3,430 -2,634
3,191 3,963 -3,241
3,216 4,474 -3,800
3,241 4,895 -4,310
3,267 5,295 -4,796
3,292 5,650 -5,209
3,317 5,961 -5,598
3,342 6,227 -5,914
3,368 6,405 -6,181
3,393 6,538 -6,424
3,418 6,583 -6,570
3,443 6,583 -6,643
3,469 6,494 -6,667
3,494 6,361 -6,595
3,519 6,139 -6,522
3,544 5,872 -6,327
3,570 5,539 -6,084
3,595 5,162 -5,768
3,620 4,696 -5,404
3,645 4,252 -4,991
3,672 3,674 -4,505
3,697 3,119 -3,994
3,722 2,542 -3,460
3,747 1,943 -2,925
3,774 1,321 -2,269
3,799 0,677 -1,686
3,824 0,078 -1,030
3,849 -0,544 -0,447
3,876 -1,165 0,209
3,901 -1,787 0,817
3,926 -2,342 1,400
3,952 -2,897 1,983
3,977 -3,363 2,469
4,002 -3,807 2,955
4,027 -4,184 3,417
4,052 -4,517 3,830
4,077 -4,784 4,195
4,102 -5,028 4,462
4,127 -5,183 4,705
4,152 -5,294 4,899
4,177 -5,317 5,045
4,202 -5,317 5,094
4,227 -5,228 5,142
4,252 -5,072 5,045
4,277 -4,873 4,948
4,302 -4,606 4,778
4,327 -4,273 4,535
4,352 -3,940 4,219
4,377 -3,474 3,903
4,402 -3,008 3,466
4,427 -2,497 3,053
4,452 -1,964 2,567
4,477 -1,365 2,056
4,502 -0,766 1,522
4,527 -0,166 0,987
4,552 0,455 0,355
4,577 1,099 -0,228
4,602 1,699 -0,860
4,627 2,342 -1,419
4,652 2,920 -2,050
4,677 3,497 -2,609
4,702 4,030 -3,192
4,727 4,562 -3,727
4,752 5,006 -4,237
4,777 5,450 -4,651
4,802 5,828 -5,088
4,827 6,139 -5,428
4,854 6,405 -5,768
4,879 6,605 -6,036
4,904 6,694 -6,206
4,929 6,738 -6,351
4,954 6,760 -6,424
4,979 6,671 -6,449
5,013 6,560 -6,351
5,048 6,250 -6,181
5,077 5,628 -5,768
5,102 5,339 -5,550
5,127 4,940 -5,209
5,152 4,474 -4,821
5,177 3,963 -4,383
5,202 3,408 -3,921
5,227 2,831 -3,387
5,252 2,209 -2,877
5,277 1,610 -2,293
5,302 0,966 -1,734
5,327 0,322 -1,127
5,352 -0,299 -0,568
5,377 -0,899 0,039
5,402 -1,565 0,647
5,427 -2,120 1,206
5,453 -2,697 1,740
5,478 -3,208 2,275
5,503 -3,696 2,737
5,528 -4,096 3,198
5,553 -4,473 3,587
5,578 -4,806 3,952
5,603 -5,072 4,219
5,628 -5,228 4,486
5,653 -5,383 4,656
5,678 -5,472 4,826
5,703 -5,494 4,899
5,728 -5,405 4,924
5,753 -5,317 4,875
5,778 -5,139 4,754
5,803 -4,873 4,559
5,828 -4,562 4,365
5,854 -4,207 4,073
5,879 -3,829 3,757
5,904 -3,341 3,393
5,929 -2,852 2,955
5,954 -2,342 2,469
5,979 -1,742 1,983
6,004 -1,143 1,449
6,029 -0,499 0,914
6,055 0,145 0,380
6,080 0,766 -0,228
6,105 1,454 -0,811
6,130 2,054 -1,419
6,155 2,698 -2,002
6,180 3,275 -2,561
6,205 3,852 -3,071
6,230 4,385 -3,581
6,256 4,918 -4,092
6,281 5,362 -4,553
6,306 5,783 -4,942
6,331 6,116 -5,282
6,356 6,405 -5,574
6,381 6,627 -5,841
6,406 6,805 -6,036
6,431 6,893 -6,206
6,457 6,916 -6,230
6,482 6,849 -6,254
6,507 6,760 -6,181
6,532 6,560 -6,084
6,557 6,338 -5,890
6,582 6,028 -5,671
6,607 5,672 -5,355
6,632 5,251 -5,039
6,658 4,762 -4,626
6,683 4,229 -4,189
6,708 3,674 -3,703
6,733 3,097 -3,217
6,758 2,498 -2,706
6,783 1,854 -2,172
6,808 1,210 -1,589
6,833 0,544 -1,030
6,859 -0,100 -0,447
6,884 -0,766 0,112
6,909 -1,365 0,720
6,934 -1,987 1,279
6,959 -2,542 1,789
6,984 -3,074 2,275
7,009 -3,563 2,737
7,034 -4,029 3,174
7,061 -4,451 3,563
7,086 -4,784 3,903
7,111 -5,072 4,170
7,136 -5,294 4,413
7,161 -5,450 4,559
7,186 -5,561 4,705
7,211 -5,605 4,754
7,236 -5,539 4,729
7,264 -5,428 4,656
7,289 -5,250 4,535
7,314 -5,028 4,340
7,339 -4,762 4,146
7,364 -4,384 3,854
7,389 -3,985 3,514
7,414 -3,541 3,125
7,439 -3,030 2,712
7,466 -2,453 2,226
7,491 -1,876 1,716
7,516 -1,232 1,206
7,541 -0,632 0,647
7,566 0,011 0,088
7,591 0,655 -0,519
7,616 1,321 -1,054
7,641 1,943 -1,637
7,667 2,609 -2,220
7,692 3,208 -2,755
7,717 3,808 -3,265
7,742 4,340 -3,776
7,767 4,873 -4,213
7,792 5,295 -4,651
7,817 5,761 -5,015
7,842 6,116 -5,355
7,869 6,427 -5,622
7,894 6,649 -5,841
7,919 6,827 -6,011
7,944 6,916 -6,108
7,969 6,982 -6,133
7,994 6,916 -6,133
8,019 6,827 -6,036
8,044 6,649 -5,914
8,071 6,405 -5,720
8,096 6,116 -5,428
8,121 5,717 -5,112
8,146 5,317 -4,748
8,171 4,851 -4,335
8,196 4,340 -3,897
8,221 3,763 -3,435
8,246 3,208 -2,901
8,271 2,564 -2,366
8,296 1,965 -1,807
8,323 1,277 -1,224
8,348 0,655 -0,641
8,373 -0,011 -0,082
8,398 -0,632 0,477
8,423 -1,276 1,036
8,448 -1,876 1,595
8,473 -2,497 2,056
8,498 -3,030 2,542
8,523 -3,518 2,955
8,548 -3,962 3,344
8,574 -4,406 3,709
8,599 -4,739 4,049
8,624 -5,028 4,268
8,649 -5,228 4,486
8,674 -5,450 4,608
8,699 -5,561 4,705
8,724 -5,605 4,705
8,749 -5,561 4,681
8,774 -5,472 4,583
8,799 -5,339 4,438
8,826 -5,072 4,243
8,851 -4,806 3,976
8,876 -4,473 3,636
8,901 -4,073 3,271
8,926 -3,629 2,907
8,951 -3,141 2,445
8,976 -2,608 1,983
9,001 -2,053 1,473
9,026 -1,432 0,938
9,053 -0,788 0,331
9,078 -0,144 -0,228
9,103 0,500 -0,787
9,128 1,166 -1,346
9,153 1,810 -1,953
9,178 2,409 -2,463
9,203 3,053 -3,047
9,228 3,630 -3,508
9,253 4,185 -3,994
9,278 4,696 -4,407
9,306 5,206 -4,869
9,331 5,628 -5,234
9,356 6,028 -5,550
9,381 6,338 -5,768
9,406 6,560 -5,938
9,431 6,760 -6,108
9,456 6,871 -6,181
9,481 6,916 -6,157
9,506 6,893 -6,133
9,531 6,805 -6,036
9,558 6,649 -5,817
9,583 6,427 -5,598
9,608 6,139 -5,282
9,633 5,761 -4,966
9,658 5,384 -4,578
9,683 4,918 -4,164
9,708 4,407 -3,678
9,733 3,852 -3,192
9,758 3,319 -2,634
9,783 2,698 -2,123
9,813 1,965 -1,467
9,838 1,343 -0,884
9,863 0,677 -0,301
9,888 0,056 0,282
9,913 -0,610 0,841
9,938 -1,210 1,376
9,963 -1,809 1,886
9,988 -2,364 2,396
10,013 -2,941 2,834
10,038 -3,430 3,271
10,063 -3,874 3,611
10,088 -4,273 3,976
10,113 -4,651 4,219
10,138 -4,917 4,438
10,166 -5,161 4,608
