Winkel von Pendel1 Winkel von Pendel20,025 2,587 -6,546
0,050 2,542 -8,150
0,087 2,342 -9,292
0,112 2,143 -9,972
0,137 1,921 -10,482
0,162 1,721 -10,896
0,187 1,477 -11,187
0,212 1,210 -11,382
0,237 0,944 -11,503
0,262 0,700 -11,454
0,287 0,389 -11,357
0,312 0,100 -11,090
0,337 -0,166 -10,750
0,362 -0,433 -10,312
0,389 -0,721 -9,778
0,414 -0,988 -9,146
0,439 -1,254 -8,441
0,464 -1,476 -7,639
0,489 -1,720 -6,813
0,514 -1,920 -5,890
0,539 -2,098 -4,942
0,564 -2,231 -3,970
0,589 -2,342 -2,925
0,614 -2,453 -1,832
0,639 -2,519 -0,811
0,664 -2,564 0,282
0,689 -2,586 1,327
0,714 -2,586 2,396
0,739 -2,542 3,368
0,764 -2,453 4,340
0,789 -2,364 5,240
0,814 -2,209 6,114
0,839 -2,098 6,916
0,864 -1,876 7,645
0,889 -1,654 8,253
0,914 -1,409 8,836
0,939 -1,187 9,298
0,964 -0,899 9,686
0,989 -0,632 9,954
1,014 -0,322 10,124
1,039 -0,033 10,197
1,065 0,322 10,172
1,090 0,633 10,075
1,116 0,966 9,808
1,141 1,321 9,492
1,166 1,588 9,079
1,191 1,943 8,569
1,216 2,187 7,985
1,241 2,498 7,305
1,266 2,742 6,552
1,291 2,986 5,750
1,316 3,186 4,875
1,341 3,408 3,952
1,372 3,586 2,810
1,397 3,741 1,716
1,425 3,830 0,550
1,450 3,919 -0,495
1,476 3,941 -1,613
1,501 3,941 -2,634
1,526 3,896 -3,654
1,551 3,830 -4,626
1,576 3,719 -5,598
1,601 3,586 -6,473
1,626 3,408 -7,323
1,651 3,230 -8,101
1,676 2,986 -8,806
1,701 2,764 -9,413
1,726 2,476 -9,972
1,753 2,187 -10,410
1,778 1,832 -10,750
1,804 1,499 -10,993
1,829 1,121 -11,114
1,854 0,766 -11,163
1,879 0,389 -11,090
1,905 0,011 -10,920
1,930 -0,366 -10,604
1,957 -0,721 -10,239
1,982 -1,076 -9,729
2,007 -1,454 -9,170
2,032 -1,742 -8,514
2,057 -2,053 -7,809
2,082 -2,342 -7,008
2,107 -2,608 -6,157
2,132 -2,786 -5,258
2,157 -3,008 -4,310
2,182 -3,163 -3,290
2,207 -3,296 -2,318
2,232 -3,385 -1,273
2,258 -3,452 -0,228
2,283 -3,452 0,841
2,308 -3,452 1,838
2,333 -3,385 2,834
2,358 -3,252 3,782
2,383 -3,141 4,681
2,408 -3,008 5,555
2,433 -2,786 6,357
2,458 -2,564 7,062
2,483 -2,297 7,718
2,508 -2,009 8,277
2,533 -1,654 8,787
2,558 -1,321 9,200
2,583 -0,943 9,516
2,608 -0,588 9,711
2,633 -0,166 9,832
2,658 0,233 9,832
2,683 0,633 9,784
2,708 1,010 9,589
2,733 1,454 9,346
2,758 1,832 8,982
2,783 2,231 8,544
2,808 2,587 8,010
2,833 2,942 7,402
2,858 3,275 6,698
2,883 3,586 5,969
2,908 3,852 5,142
2,933 4,118 4,292
2,959 4,318 3,344
2,984 4,518 2,372
3,009 4,651 1,376
3,034 4,762 0,355
3,060 4,829 -0,738
3,085 4,829 -1,710
3,110 4,784 -2,731
3,135 4,740 -3,703
3,160 4,629 -4,651
3,185 4,474 -5,525
3,210 4,296 -6,400
3,235 4,074 -7,202
3,261 3,763 -7,955
3,286 3,497 -8,611
3,311 3,142 -9,170
3,336 2,764 -9,681
3,362 2,387 -10,069
3,387 1,943 -10,385
3,412 1,543 -10,628
3,437 1,077 -10,750
3,464 0,633 -10,750
3,489 0,167 -10,677
3,514 -0,255 -10,434
3,539 -0,699 -10,191
3,566 -1,165 -9,802
3,591 -1,609 -9,292
3,616 -2,009 -8,781
3,641 -2,431 -8,101
3,668 -2,786 -7,372
3,693 -3,097 -6,595
3,718 -3,407 -5,768
3,743 -3,652 -4,869
3,770 -3,896 -3,897
3,795 -4,051 -2,950
3,820 -4,184 -1,953
3,845 -4,273 -0,957
3,873 -4,318 0,161
3,898 -4,318 1,157
3,923 -4,251 2,153
3,948 -4,162 3,053
3,975 -3,985 4,000
4,000 -3,785 4,826
4,025 -3,563 5,653
4,050 -3,274 6,357
4,075 -2,986 7,086
4,100 -2,630 7,621
4,125 -2,231 8,156
4,150 -1,831 8,593
4,175 -1,365 8,957
4,200 -0,943 9,176
4,225 -0,433 9,346
4,250 0,011 9,419
4,275 0,500 9,419
4,300 0,966 9,298
4,325 1,477 9,128
4,350 1,943 8,812
4,375 2,431 8,399
4,400 2,875 7,913
4,425 3,297 7,427
4,450 3,674 6,795
4,475 4,096 6,090
4,500 4,429 5,337
4,525 4,740 4,559
4,550 4,984 3,684
4,575 5,251 2,810
4,600 5,406 1,862
4,625 5,561 0,914
4,650 5,650 -0,058
4,676 5,672 -1,054
4,701 5,650 -2,026
4,726 5,584 -2,950
4,751 5,473 -3,921
4,776 5,317 -4,772
4,801 5,095 -5,647
4,826 4,851 -6,424
4,851 4,540 -7,178
4,876 4,207 -7,834
4,901 3,830 -8,466
4,926 3,408 -8,976
4,951 2,964 -9,389
4,976 2,498 -9,753
5,001 2,009 -10,021
5,026 1,499 -10,167
5,051 0,944 -10,288
5,076 0,455 -10,264
5,101 -0,100 -10,167
5,126 -0,632 -9,972
5,151 -1,143 -9,681
5,176 -1,631 -9,292
5,201 -2,142 -8,830
5,226 -2,608 -8,295
5,251 -3,052 -7,664
5,276 -3,452 -6,983
5,301 -3,807 -6,254
5,326 -4,118 -5,452
5,351 -4,451 -4,602
5,376 -4,673 -3,703
5,401 -4,850 -2,804
5,426 -4,961 -1,856
5,451 -5,095 -0,957
5,476 -5,117 0,015
5,501 -5,095 0,938
5,526 -5,028 1,886
5,551 -4,895 2,761
5,576 -4,717 3,636
5,601 -4,495 4,438
5,626 -4,229 5,240
5,653 -3,896 5,969
5,678 -3,518 6,576
5,703 -3,119 7,184
5,728 -2,675 7,694
5,753 -2,186 8,107
5,778 -1,676 8,447
5,803 -1,121 8,666
5,828 -0,588 8,860
5,853 -0,033 8,933
5,878 0,522 8,909
5,903 1,099 8,836
5,928 1,654 8,642
5,953 2,209 8,350
5,978 2,742 7,961
6,003 3,275 7,572
6,028 3,763 7,062
6,054 4,252 6,479
6,079 4,673 5,798
6,104 5,095 5,094
6,129 5,450 4,316
6,154 5,739 3,514
6,179 6,005 2,639
6,204 6,227 1,789
6,229 6,338 0,890
6,257 6,449 -0,131
6,282 6,472 -1,078
6,307 6,472 -1,977
6,332 6,338 -2,877
6,357 6,227 -3,751
6,382 6,028 -4,602
6,407 5,761 -5,404
6,432 5,428 -6,133
6,457 5,073 -6,862
6,482 4,673 -7,494
6,507 4,252 -8,028
6,532 3,741 -8,538
6,557 3,253 -8,927
6,582 2,675 -9,268
6,607 2,120 -9,486
6,632 1,543 -9,681
6,658 0,922 -9,729
6,683 0,300 -9,705
6,708 -0,299 -9,632
6,733 -0,899 -9,389
6,758 -1,498 -9,122
6,783 -2,075 -8,757
6,808 -2,653 -8,320
6,833 -3,163 -7,785
6,860 -3,674 -7,202
6,885 -4,118 -6,522
6,910 -4,517 -5,793
6,935 -4,850 -5,015
6,960 -5,183 -4,237
6,985 -5,428 -3,411
7,010 -5,650 -2,561
7,035 -5,761 -1,662
7,061 -5,872 -0,762
7,086 -5,872 0,137
7,111 -5,849 1,036
7,136 -5,716 1,910
7,161 -5,583 2,712
7,186 -5,339 3,539
7,211 -5,072 4,268
7,236 -4,739 4,997
7,262 -4,384 5,677
7,287 -3,940 6,260
7,312 -3,496 6,795
7,337 -2,941 7,256
7,362 -2,386 7,621
7,387 -1,787 7,961
7,412 -1,187 8,156
7,437 -0,588 8,326
7,464 0,100 8,350
7,489 0,744 8,326
7,514 1,410 8,204
7,539 2,032 7,985
7,564 2,653 7,742
7,589 3,230 7,402
7,614 3,830 6,965
7,639 4,385 6,430
7,666 4,918 5,896
7,691 5,406 5,215
7,716 5,850 4,535
7,741 6,227 3,806
7,766 6,538 3,053
7,791 6,805 2,226
7,816 7,027 1,400
7,841 7,138 0,550
7,875 7,226 -0,519
7,900 7,204 -1,443
7,925 7,160 -2,293
7,950 6,982 -3,144
7,975 6,782 -3,946
8,000 6,494 -4,699
8,025 6,205 -5,428
8,050 5,828 -6,108
8,077 5,362 -6,740
8,102 4,851 -7,323
8,127 4,318 -7,809
8,152 3,741 -8,247
8,177 3,186 -8,563
8,202 2,542 -8,806
8,227 1,854 -9,000
8,252 1,188 -9,097
8,277 0,544 -9,122
8,303 -0,166 -9,049
8,328 -0,854 -8,903
8,353 -1,520 -8,684
8,378 -2,186 -8,344
8,403 -2,808 -7,980
8,428 -3,385 -7,494
8,453 -3,962 -7,008
8,478 -4,451 -6,424
8,503 -4,917 -5,768
8,528 -5,339 -5,064
8,554 -5,694 -4,335
8,579 -6,005 -3,557
8,604 -6,249 -2,731
8,629 -6,427 -1,953
8,654 -6,538 -1,103
8,679 -6,604 -0,252
8,704 -6,560 0,550
8,729 -6,493 1,376
8,754 -6,316 2,153
8,779 -6,116 2,931
8,808 -5,783 3,709
8,833 -5,428 4,413
8,858 -5,006 5,045
8,883 -4,540 5,628
8,908 -4,007 6,139
8,933 -3,496 6,600
8,958 -2,875 6,941
8,983 -2,253 7,256
9,008 -1,565 7,499
9,033 -0,899 7,645
9,060 -0,166 7,742
9,085 0,611 7,742
9,110 1,277 7,645
9,135 2,009 7,499
9,160 2,698 7,256
9,185 3,364 6,965
9,210 4,007 6,576
9,235 4,629 6,139
9,260 5,206 5,628
9,285 5,761 5,094
9,312 6,250 4,413
9,337 6,694 3,782
9,362 7,071 3,053
9,387 7,404 2,348
9,412 7,626 1,570
9,437 7,826 0,768
9,462 7,915 -0,058
9,487 7,959 -0,835
9,512 7,915 -1,637
9,537 7,804 -2,415
9,564 7,582 -3,217
9,589 7,315 -3,970
9,614 7,004 -4,651
9,639 6,605 -5,307
9,664 6,161 -5,914
9,689 5,672 -6,449
9,714 5,095 -6,959
9,739 4,496 -7,396
9,764 3,874 -7,737
9,789 3,186 -8,028
9,818 2,409 -8,247
9,843 1,654 -8,393
9,868 0,899 -8,417
9,893 0,167 -8,441
9,918 -0,588 -8,344
9,943 -1,343 -8,150
9,968 -2,031 -7,882
9,993 -2,764 -7,591
10,018 -3,407 -7,178
10,043 -4,051 -6,740
10,068 -4,628 -6,230
10,093 -5,161 -5,695
10,118 -5,627 -5,064
10,143 -6,071 -4,432
10,168 -6,427 -3,727
10,193 -6,760 -3,022
10,218 -6,982 -2,269
10,243 -7,137 -1,540
10,268 -7,226 -0,762
10,293 -7,270 -0,009
10,318 -7,204 0,744
10,343 -7,070 1,473
10,368 -6,848 2,202
10,393 -6,582 2,882
10,418 -6,249 3,539
10,443 -5,872 4,146
10,468 -5,361 4,729
10,493 -4,850 5,215
10,518 -4,295 5,701
10,543 -3,674 6,066
10,570 -2,963 6,406
10,595 -2,253 6,698
10,620 -1,520 6,868
10,645 -0,743 7,038
10,670 0,011 7,086
10,695 0,811 7,038
10,720 1,543 6,941
10,745 2,342 6,795
10,770 3,075 6,552
10,795 3,808 6,260
10,820 4,518 5,871
10,845 5,184 5,483
10,870 5,806 4,997
10,895 6,383 4,486
10,920 6,893 3,927
10,945 7,360 3,320
10,970 7,715 2,639
10,995 8,048 1,959
11,020 8,270 1,254
11,045 8,447 0,574
11,070 8,558 -0,179
11,095 8,581 -0,908
11,120 8,514 -1,613
11,145 8,359 -2,293
11,170 8,159 -3,022
11,195 7,870 -3,654
11,220 7,515 -4,310
11,245 7,093 -4,869
11,270 6,583 -5,452
11,295 6,028 -5,938
11,320 5,406 -6,400
11,345 4,784 -6,740
11,370 4,074 -7,056
11,395 3,341 -7,323
11,420 2,564 -7,518
11,445 1,810 -7,639
11,470 1,010 -7,737
11,495 0,189 -7,688
11,520 -0,610 -7,591
11,545 -1,409 -7,445
11,570 -2,186 -7,226
11,595 -2,941 -6,935
11,620 -3,696 -6,619
11,645 -4,340 -6,206
11,670 -4,984 -5,768
11,695 -5,561 -5,234
11,720 -6,094 -4,699
11,745 -6,538 -4,092
11,770 -6,937 -3,484
11,795 -7,270 -2,852
11,820 -7,559 -2,172
11,845 -7,714 -1,467
11,870 -7,803 -0,835
11,895 -7,825 -0,131
11,920 -7,781 0,574
11,945 -7,648 1,230
11,970 -7,448 1,862
11,995 -7,159 2,518
12,020 -6,804 3,101
12,045 -6,360 3,660
12,070 -5,894 4,146
12,095 -5,294 4,656
12,120 -4,695 5,045
12,145 -4,029 5,434
12,170 -3,319 5,726
12,195 -2,586 5,944
12,220 -1,765 6,139
12,245 -0,965 6,260
12,270 -0,144 6,284
12,295 0,700 6,309
12,320 1,499 6,236
12,345 2,342 6,090
12,370 3,142 5,896
12,395 3,941 5,628
12,420 4,696 5,312
12,445 5,406 4,972
12,470 6,072 4,535
12,495 6,716 4,073
12,520 7,271 3,563
12,545 7,737 3,028
12,570 8,159 2,445
12,595 8,514 1,838
12,620 8,803 1,206
12,645 9,002 0,550
12,670 9,091 -0,106
12,697 9,158 -0,787
12,722 9,069 -1,443
12,747 8,958 -2,050
12,772 8,736 -2,682
12,797 8,425 -3,290
12,822 8,070 -3,873
12,847 7,604 -4,359
12,872 7,071 -4,869
12,897 6,494 -5,307
12,922 5,828 -5,720
12,947 5,140 -6,060
12,972 4,385 -6,376
12,997 3,608 -6,570
13,022 2,764 -6,740
13,047 1,965 -6,862
13,074 1,055 -6,910
13,099 0,189 -6,886
13,124 -0,655 -6,862
13,149 -1,520 -6,692
13,174 -2,364 -6,497
13,199 -3,163 -6,230
13,224 -3,962 -5,938
13,249 -4,673 -5,550
13,274 -5,339 -5,185
13,299 -5,960 -4,723
13,324 -6,515 -4,237
13,349 -7,004 -3,678
13,374 -7,426 -3,168
13,399 -7,781 -2,561
13,424 -8,047 -2,002
13,449 -8,247 -1,394
13,476 -8,358 -0,714
13,501 -8,380 -0,106
13,526 -8,291 0,525
13,554 -8,136 1,133
13,579 -7,870 1,716
13,604 -7,581 2,251
13,629 -7,159 2,785
13,654 -6,693 3,247
13,679 -6,138 3,733
13,704 -5,539 4,098
13,729 -4,873 4,486
13,754 -4,162 4,778
13,779 -3,407 5,045
13,804 -2,608 5,264
13,829 -1,742 5,410
13,854 -0,899 5,458
13,879 0,011 5,531
13,904 0,877 5,483
13,929 1,765 5,434
13,954 2,631 5,288
13,979 3,497 5,118
14,004 4,296 4,851
14,029 5,095 4,583
14,054 5,850 4,243
14,079 6,560 3,854
14,104 7,204 3,441
14,129 7,781 3,004
14,154 8,270 2,469
14,179 8,714 2,008
14,204 9,069 1,449
14,229 9,358 0,914
14,254 9,513 0,331
14,279 9,646 -0,252
14,304 9,646 -0,860
14,329 9,557 -1,370
14,354 9,380 -1,953
14,379 9,180 -2,488
14,404 8,847 -3,022
14,429 8,447 -3,484
14,454 7,959 -3,946
14,479 7,382 -4,359
14,504 6,738 -4,748
14,529 6,072 -5,064
14,554 5,295 -5,380
14,579 4,518 -5,598
14,604 3,697 -5,817
14,629 2,809 -5,938
14,654 1,921 -6,036
14,679 1,055 -6,084
14,704 0,122 -6,084
14,729 -0,788 -5,987
14,754 -1,698 -5,890
14,779 -2,542 -5,695
14,804 -3,407 -5,477
14,829 -4,184 -5,185
14,854 -4,984 -4,893
14,879 -5,672 -4,505
14,904 -6,316 -4,140
14,929 -6,893 -3,703
14,954 -7,426 -3,265
14,979 -7,847 -2,755
15,004 -8,225 -2,293
15,029 -8,513 -1,759
15,055 -8,713 -1,248
15,080 -8,802 -0,690
15,105 -8,802 -0,155
15,130 -8,735 0,355
15,155 -8,580 0,866
15,180 -8,358 1,376
15,205 -8,047 1,886
15,230 -7,625 2,324
15,255 -7,115 2,737
15,280 -6,560 3,101
15,305 -5,960 3,441
15,330 -5,250 3,782
15,355 -4,540 4,025
15,380 -3,718 4,243
15,405 -2,875 4,413
15,430 -1,987 4,559
15,455 -1,076 4,632
15,480 -0,144 4,656
15,505 0,766 4,656
15,530 1,699 4,583
15,555 2,609 4,462
15,580 3,497 4,340
15,605 4,340 4,146
15,630 5,206 3,879
15,655 6,005 3,587
15,680 6,738 3,271
15,705 7,404 2,907
15,730 8,048 2,494
15,755 8,581 2,105
15,780 9,047 1,667
15,805 9,424 1,206
15,830 9,757 0,720
15,855 9,957 0,234
15,880 10,068 -0,277
15,905 10,068 -0,738
15,930 10,001 -1,224
15,955 9,846 -1,710
15,980 9,602 -2,148
16,005 9,269 -2,585
16,030 8,869 -2,998
16,058 8,336 -3,387
16,083 7,759 -3,800
16,108 7,093 -4,092
16,133 6,316 -4,407
16,158 5,561 -4,626
16,183 4,696 -4,845
16,208 3,852 -4,991
16,233 2,942 -5,112
16,258 2,032 -5,185
16,283 1,077 -5,209
16,308 0,145 -5,185
16,333 -0,810 -5,136
16,358 -1,742 -5,015
16,383 -2,653 -4,869
16,408 -3,518 -4,675
16,433 -4,384 -4,432
16,458 -5,183 -4,164
16,483 -5,916 -3,897
16,508 -6,582 -3,533
16,533 -7,226 -3,168
16,558 -7,736 -2,779
16,583 -8,225 -2,391
16,608 -8,558 -1,953
16,633 -8,869 -1,540
16,658 -9,068 -1,078
16,683 -9,202 -0,665
16,708 -9,202 -0,228
16,733 -9,113 0,185
16,758 -8,980 0,671
16,783 -8,758 1,084
16,808 -8,380 1,473
16,833 -7,981 1,813
16,858 -7,426 2,178
16,883 -6,893 2,494
16,908 -6,227 2,785
16,933 -5,539 3,053
16,958 -4,762 3,296
16,983 -3,940 3,441
17,008 -3,052 3,587
17,033 -2,164 3,709
17,058 -1,210 3,782
17,083 -0,255 3,806
17,108 0,700 3,830
17,133 1,654 3,709
17,158 2,609 3,636
17,183 3,541 3,514
17,208 4,474 3,368
17,233 5,362 3,125
17,258 6,183 2,907
17,283 6,938 2,615
17,308 7,670 2,299
17,333 8,292 1,983
17,358 8,891 1,643
17,383 9,335 1,279
17,408 9,779 0,938
17,433 10,068 0,501
17,458 10,290 0,112
17,483 10,423 -0,325
17,508 10,468 -0,690
17,533 10,379 -1,078
17,558 10,223 -1,467
17,583 9,957 -1,856
17,608 9,646 -2,196
17,633 9,202 -2,536
17,658 8,714 -2,828
17,683 8,114 -3,120
17,708 7,448 -3,387
17,733 6,716 -3,654
17,758 5,917 -3,824
17,783 5,029 -3,994
17,808 4,141 -4,116
17,833 3,208 -4,237
17,858 2,276 -4,286
17,883 1,277 -4,310
17,908 0,322 -4,310
17,933 -0,699 -4,237
17,958 -1,631 -4,164
17,983 -2,608 -4,067
18,008 -3,474 -3,897
18,033 -4,406 -3,703
18,058 -5,206 -3,484
18,083 -5,983 -3,241
18,108 -6,693 -2,974
18,133 -7,337 -2,682
18,158 -7,892 -2,366
18,183 -8,425 -2,026
18,208 -8,802 -1,686
18,233 -9,113 -1,394
18,258 -9,379 -1,006
18,283 -9,512 -0,641
18,308 -9,535 -0,325
18,333 -9,468 0,039
18,358 -9,290 0,380
18,383 -9,068 0,720
18,408 -8,735 1,036
18,433 -8,336 1,327
18,458 -7,803 1,619
18,483 -7,248 1,886
18,508 -6,582 2,129
18,533 -5,872 2,299
18,558 -5,072 2,494
18,583 -4,251 2,639
18,608 -3,341 2,761
18,633 -2,431 2,834
18,658 -1,432 2,882
18,683 -0,455 2,907
18,708 0,544 2,882
18,733 1,521 2,834
18,758 2,520 2,761
18,783 3,475 2,664
18,808 4,429 2,542
18,833 5,317 2,348
18,858 6,205 2,178
18,883 6,982 1,959
18,908 7,759 1,740
18,933 8,403 1,449
18,958 9,002 1,230
18,983 9,513 0,914
19,008 9,979 0,598
19,033 10,312 0,282
19,058 10,534 -0,009
19,083 10,690 -0,325
19,108 10,756 -0,617
19,133 10,667 -0,933
19,158 10,579 -1,224
19,183 10,312 -1,516
19,208 10,001 -1,783
19,233 9,557 -2,050
19,258 9,025 -2,269
19,283 8,425 -2,512
19,308 7,781 -2,706
19,333 7,004 -2,877
19,358 6,227 -3,022
19,383 5,339 -3,192
19,408 4,429 -3,241
19,433 3,475 -3,363
19,458 2,520 -3,363
19,483 1,499 -3,387
19,508 0,522 -3,363
19,533 -0,499 -3,338
19,558 -1,498 -3,265
19,583 -2,519 -3,168
19,608 -3,430 -3,047
19,633 -4,362 -2,901
19,658 -5,183 -2,731
19,683 -6,027 -2,561
19,708 -6,760 -2,342
19,733 -7,426 -2,148
19,758 -8,003 -1,905
19,783 -8,536 -1,662
19,808 -8,957 -1,394
19,833 -9,313 -1,127
19,858 -9,512 -0,884
19,883 -9,712 -0,617
19,908 -9,779 -0,349
19,933 -9,734 -0,131
19,958 -9,579 0,161
19,983 -9,357 0,404
20,008 -9,046 0,671
20,033 -8,647 0,841
20,058 -8,136 1,060
20,083 -7,559 1,230
20,108 -6,893 1,400
20,133 -6,182 1,522
20,158 -5,339 1,692
20,183 -4,517 1,789
20,208 -3,607 1,862
20,233 -2,675 1,910
20,258 -1,654 1,959
20,283 -0,677 1,959
20,308 0,344 1,935
20,333 1,321 1,910
20,358 2,365 1,886
20,383 3,341 1,789
20,408 4,318 1,692
20,433 5,251 1,546
20,458 6,161 1,424
20,483 6,982 1,254
20,508 7,759 1,084
20,533 8,447 0,890
20,558 9,091 0,720
20,583 9,602 0,501
20,608 10,068 0,282
20,633 10,423 0,039
20,658 10,690 -0,155
20,683 10,845 -0,398
20,708 10,934 -0,592
20,733 10,889 -0,787
20,758 10,778 -1,006
20,783 10,556 -1,200
20,808 10,246 -1,346
20,833 9,802 -1,564
20,858 9,313 -1,734
20,883 8,692 -1,880
20,908 8,048 -2,002
20,933 7,293 -2,148
20,958 6,472 -2,220
20,983 5,561 -2,269
21,008 4,696 -2,342
21,033 3,719 -2,415
21,058 2,742 -2,439
21,083 1,743 -2,463
21,108 0,722 -2,415
21,133 -0,322 -2,391
21,158 -1,321 -2,342
21,183 -2,364 -2,269
21,208 -3,319 -2,172
21,233 -4,251 -2,075
21,258 -5,139 -1,953
21,283 -5,960 -1,832
21,308 -6,693 -1,686
21,333 -7,426 -1,540
21,358 -8,025 -1,370
21,383 -8,602 -1,200
21,408 -9,002 -1,030
21,433 -9,401 -0,884
21,458 -9,668 -0,714
21,483 -9,868 -0,544
21,508 -9,912 -0,349
21,533 -9,912 -0,228
21,558 -9,779 -0,034
21,583 -9,579 0,112
21,608 -9,246 0,258
21,633 -8,869 0,380
21,658 -8,358 0,550
21,683 -7,803 0,623
21,708 -7,137 0,744
21,733 -6,449 0,841
21,758 -5,672 0,890
21,783 -4,806 0,938
21,808 -3,874 0,987
21,833 -2,941 1,011
21,858 -1,964 1,036
21,883 -0,943 1,036
21,908 0,078 1,011
21,933 1,099 0,987
21,958 2,120 0,938
21,983 3,142 0,890
22,008 4,163 0,793
22,033 5,095 0,695
22,058 5,983 0,623
22,083 6,871 0,501
22,108 7,670 0,404
22,133 8,403 0,282
22,158 9,047 0,185
22,183 9,602 0,064
22,208 10,090 -0,082
22,233 10,468 -0,228
22,258 10,778 -0,349
22,283 10,956 -0,495
22,308 11,045 -0,592
22,333 11,045 -0,714
22,358 10,934 -0,835
22,383 10,734 -0,933
22,408 10,445 -1,030
22,433 10,046 -1,151
22,458 9,535 -1,224
22,483 8,958 -1,297
22,508 8,270 -1,346
22,533 7,537 -1,394
22,558 6,738 -1,443
22,583 5,850 -1,492
22,608 4,940 -1,516
22,633 3,985 -1,540
22,658 2,964 -1,492
22,683 1,965 -1,492
22,708 0,944 -1,467
22,733 -0,055 -1,419
22,758 -1,121 -1,394
22,783 -2,164 -1,346
22,808 -3,141 -1,297
22,833 -4,096 -1,224
22,858 -5,006 -1,176
22,883 -5,827 -1,078
22,908 -6,604 -1,030
22,933 -7,337 -0,933
22,958 -8,003 -0,835
22,983 -8,558 -0,762
23,008 -9,024 -0,690
23,033 -9,401 -0,568
23,058 -9,712 -0,495
23,083 -9,912 -0,422
23,108 -10,001 -0,349
23,133 -10,001 -0,277
23,158 -9,912 -0,204
23,183 -9,690 -0,155
23,208 -9,424 -0,106
23,233 -9,024 -0,034
23,258 -8,558 -0,009
23,283 -8,003 0,039
23,308 -7,359 0,064
23,333 -6,649 0,088
23,358 -5,849 0,112
23,383 -5,006 0,112
23,408 -4,140 0,112
23,433 -3,185 0,112
23,458 -2,209 0,088
23,483 -1,165 0,064
23,508 -0,144 0,064
23,533 0,899 0,039
23,558 1,943 -0,034
23,583 2,986 -0,058
23,608 3,963 -0,131
23,633 4,918 -0,155
23,658 5,850 -0,228
23,683 6,716 -0,252
23,708 7,537 -0,301
23,733 8,292 -0,374
23,758 8,958 -0,422
23,783 9,557 -0,447
23,808 10,024 -0,495
23,833 10,445 -0,519
23,858 10,756 -0,617
23,883 10,978 -0,617
23,908 11,089 -0,665
23,933 11,111 -0,690
23,958 11,000 -0,690
23,983 10,845 -0,714
24,008 10,556 -0,762
24,033 10,157 -0,714
24,060 9,646 -0,690
24,085 9,047 -0,714
24,110 8,403 -0,690
24,135 7,670 -0,690
24,160 6,893 -0,665
24,185 5,983 -0,641
24,210 5,073 -0,617
24,235 4,118 -0,617
24,260 3,119 -0,568
24,285 2,076 -0,544
24,310 1,055 -0,495
24,335 0,034 -0,495
24,360 -1,010 -0,447
24,385 -2,031 -0,422
24,410 -3,008 -0,374
24,435 -3,962 -0,374
24,460 -4,850 -0,325
24,485 -5,716 -0,325
24,510 -6,515 -0,277
24,535 -7,226 -0,277
24,560 -7,892 -0,252
24,585 -8,469 -0,277
24,610 -8,957 -0,228
24,635 -9,379 -0,252
24,660 -9,668 -0,228
24,685 -9,890 -0,277
24,710 -10,001 -0,277
24,735 -10,045 -0,325
24,760 -9,912 -0,325
24,785 -9,757 -0,374
24,810 -9,446 -0,398
24,835 -9,091 -0,447
24,860 -8,602 -0,471
24,885 -8,069 -0,519
24,910 -7,426 -0,568
24,935 -6,737 -0,592
24,960 -5,938 -0,641
24,985 -5,117 -0,714
25,010 -4,229 -0,762
25,035 -3,274 -0,811
25,060 -2,275 -0,811
25,085 -1,298 -0,860
25,110 -0,233 -0,884
25,135 0,788 -0,957
25,160 1,832 -0,957
25,185 2,831 -0,981
25,210 3,852 -1,006
25,235 4,829 -1,030
25,260 5,739 -1,030
25,285 6,605 -1,054
25,310 7,471 -1,006
25,335 8,181 -1,006
25,360 8,869 -0,957
25,385 9,469 -0,957
25,410 9,957 -0,884
25,435 10,379 -0,884
25,460 10,734 -0,835
25,485 10,934 -0,762
25,510 11,067 -0,690
25,535 11,067 -0,665
25,560 10,978 -0,568
25,585 10,801 -0,471
25,610 10,556 -0,398
25,635 10,157 -0,349
25,660 9,691 -0,228
25,685 9,113 -0,155
25,710 8,514 -0,058
25,735 7,804 -0,034
25,760 7,004 0,088
25,785 6,161 0,137
25,810 5,251 0,209
25,835 4,296 0,258
25,860 3,319 0,331
25,885 2,320 0,380
25,910 1,277 0,428
25,935 0,256 0,452
25,960 -0,766 0,477
25,985 -1,809 0,477
26,010 -2,786 0,525
26,035 -3,740 0,477
26,060 -4,673 0,477
26,085 -5,539 0,428
26,110 -6,316 0,404
26,135 -7,093 0,355
26,160 -7,736 0,307
26,185 -8,336 0,234
26,210 -8,824 0,161
26,235 -9,224 0,064
26,260 -9,557 0,015
26,285 -9,779 -0,131
26,310 -9,912 -0,204
26,335 -9,934 -0,349
26,360 -9,868 -0,422
26,385 -9,712 -0,592
26,410 -9,446 -0,690
26,435 -9,091 -0,835
26,460 -8,647 -0,933
26,485 -8,136 -1,054
26,510 -7,514 -1,176
26,535 -6,826 -1,297
26,560 -6,049 -1,394
26,585 -5,250 -1,492
26,610 -4,362 -1,564
26,635 -3,452 -1,662
26,660 -2,453 -1,734
26,685 -1,476 -1,832
26,710 -0,455 -1,832
26,735 0,566 -1,905
26,760 1,588 -1,929
26,785 2,609 -1,929
26,810 3,608 -1,905
26,835 4,540 -1,905
26,860 5,473 -1,856
26,885 6,338 -1,807
26,910 7,204 -1,734
26,935 7,959 -1,662
26,960 8,647 -1,540
26,985 9,247 -1,443
27,010 9,757 -1,346
27,035 10,179 -1,200
27,060 10,534 -1,054
27,085 10,756 -0,933
27,110 10,889 -0,762
27,135 10,956 -0,617
27,160 10,889 -0,447
27,185 10,734 -0,301
27,210 10,490 -0,131
27,235 10,135 0,039
27,260 9,691 0,209
27,285 9,158 0,355
27,310 8,536 0,501
27,335 7,826 0,671
27,360 7,093 0,793
27,385 6,250 0,914
27,410 5,362 1,060
27,435 4,429 1,157
27,460 3,452 1,206
27,485 2,476 1,279
27,510 1,477 1,352
27,535 0,433 1,376
27,560 -0,566 1,424
27,585 -1,587 1,400
27,610 -2,564 1,400
27,635 -3,541 1,327
27,660 -4,429 1,303
27,685 -5,317 1,254
27,710 -6,116 1,157
27,735 -6,848 1,036
27,760 -7,492 0,914
27,785 -8,092 0,768
27,810 -8,602 0,623
27,835 -9,002 0,452
27,860 -9,357 0,234
27,885 -9,601 0,039
27,910 -9,757 -0,155
27,935 -9,801 -0,349
27,960 -9,734 -0,544
27,985 -9,601 -0,738
28,010 -9,357 -0,957
28,035 -9,024 -1,176
28,061 -8,602 -1,370
28,086 -8,114 -1,564
28,111 -7,470 -1,734
28,136 -6,826 -1,929
28,161 -6,094 -2,075
28,186 -5,317 -2,245
28,211 -4,406 -2,366
28,236 -3,518 -2,512
28,261 -2,564 -2,585
28,286 -1,587 -2,682
28,311 -0,588 -2,731
28,336 0,411 -2,804
28,361 1,432 -2,804
28,386 2,431 -2,828
28,411 3,408 -2,779
28,436 4,363 -2,706
28,461 5,295 -2,658
28,486 6,161 -2,561
28,511 6,960 -2,415
28,536 7,715 -2,293
28,561 8,403 -2,148
28,586 9,002 -2,002
28,611 9,535 -1,783
28,636 9,957 -1,589
28,661 10,334 -1,370
28,686 10,556 -1,127
28,711 10,734 -0,908
28,736 10,756 -0,665
28,761 10,734 -0,374
28,786 10,579 -0,155
28,811 10,357 0,137
28,836 10,001 0,355
28,861 9,580 0,623
28,886 9,069 0,841
28,911 8,492 1,109
28,936 7,804 1,279
28,961 7,093 1,497
28,986 6,294 1,643
29,011 5,428 1,838
29,036 4,496 1,935
29,062 3,563 2,081
29,087 2,564 2,178
29,112 1,588 2,275
29,137 0,589 2,275
29,162 -0,410 2,348
29,187 -1,432 2,299
29,212 -2,386 2,275
29,237 -3,341 2,202
29,262 -4,207 2,129
29,287 -5,072 1,983
29,312 -5,849 1,862
29,337 -6,582 1,692
29,362 -7,248 1,497
29,387 -7,847 1,303
29,412 -8,336 1,084
29,437 -8,780 0,817
29,462 -9,091 0,550
29,487 -9,357 0,258
29,512 -9,490 0,015
29,537 -9,579 -0,325
29,562 -9,535 -0,592
29,587 -9,401 -0,908
29,612 -9,135 -1,176
29,637 -8,869 -1,492
29,662 -8,447 -1,734
29,687 -7,981 -2,050
29,712 -7,381 -2,318
29,737 -6,760 -2,536
29,762 -6,049 -2,755
29,787 -5,294 -2,998
29,812 -4,451 -3,168
29,837 -3,585 -3,314
29,862 -2,630 -3,460
29,887 -1,698 -3,606
29,912 -0,699 -3,654
29,937 0,256 -3,703
29,962 1,255 -3,703
29,987 2,209 -3,703
30,012 3,164 -3,630
30,037 4,118 -3,581
30,063 5,029 -3,460
30,088 5,894 -3,338
30,113 6,716 -3,168
30,138 7,426 -2,950
30,163 8,137 -2,682
30,188 8,736 -2,512
30,213 9,247 -2,196
30,238 9,668 -1,953
30,263 10,024 -1,662
30,288 10,290 -1,346
30,313 10,468 -1,006
30,338 10,490 -0,690
30,363 10,490 -0,325
30,388 10,312 0,015
30,413 10,112 0,355
30,438 9,779 0,695
30,463 9,402 0,987
30,488 8,914 1,303
30,513 8,336 1,619
30,538 7,693 1,886
30,563 7,027 2,153
30,588 6,227 2,372
30,613 5,406 2,591
30,638 4,496 2,761
30,663 3,586 2,931
30,688 2,631 3,053
30,713 1,699 3,125
30,738 0,722 3,150
30,763 -0,233 3,174
30,788 -1,210 3,174
30,813 -2,142 3,150
30,838 -3,052 3,028
30,863 -3,940 2,931
30,888 -4,784 2,761
30,913 -5,561 2,567
30,938 -6,316 2,348
30,963 -6,937 2,129
30,988 -7,514 1,838
31,013 -8,003 1,522
31,038 -8,425 1,181
31,064 -8,780 0,866
31,089 -9,046 0,501
31,114 -9,179 0,137
31,139 -9,268 -0,277
31,164 -9,202 -0,617
31,189 -9,113 -1,030
31,214 -8,913 -1,394
31,239 -8,624 -1,783
31,264 -8,203 -2,148
31,289 -7,781 -2,488
31,314 -7,226 -2,804
31,339 -6,649 -3,095
31,364 -5,938 -3,387
31,389 -5,206 -3,630
31,414 -4,384 -3,873
31,439 -3,541 -4,116
31,464 -2,653 -4,262
31,489 -1,765 -4,407
31,519 -0,766 -4,505
31,544 0,344 -4,553
31,569 1,299 -4,553
31,594 2,276 -4,553
31,619 3,164 -4,480
31,644 4,074 -4,359
31,669 4,940 -4,237
31,694 5,783 -4,043
31,719 6,538 -3,824
31,744 7,271 -3,557
31,769 7,892 -3,290
31,794 8,447 -2,974
31,819 8,936 -2,634
31,844 9,402 -2,245
31,869 9,691 -1,905
31,894 9,957 -1,492
31,919 10,090 -1,078
31,944 10,157 -0,641
31,969 10,112 -0,228
31,994 9,979 0,185
32,019 9,757 0,598
32,044 9,446 1,060
32,071 9,025 1,473
32,096 8,536 1,838
32,121 7,981 2,202
32,146 7,315 2,542
32,171 6,649 2,858
32,196 5,872 3,125
32,221 5,073 3,368
32,246 4,229 3,563
32,271 3,341 3,757
32,296 2,453 3,879
32,321 1,499 3,976
32,346 0,589 4,025
32,371 -0,322 4,025
32,396 -1,254 3,976
32,421 -2,164 3,903
32,446 -3,052 3,757
32,471 -3,874 3,636
32,496 -4,673 3,417
32,521 -5,428 3,198
32,546 -6,116 2,907
32,571 -6,737 2,591
32,596 -7,292 2,251
32,621 -7,759 1,886
32,646 -8,158 1,473
32,671 -8,469 1,036
32,696 -8,691 0,598
32,721 -8,824 0,161
32,746 -8,891 -0,325
32,771 -8,891 -0,738
32,796 -8,758 -1,224
32,821 -8,536 -1,686
32,846 -8,247 -2,148
32,871 -7,870 -2,561
32,896 -7,403 -2,998
32,921 -6,871 -3,363
32,946 -6,271 -3,776
32,971 -5,627 -4,092
32,996 -4,917 -4,407
33,021 -4,162 -4,699
33,046 -3,341 -4,918
33,073 -2,408 -5,088
33,098 -1,498 -5,258
33,123 -0,566 -5,355
33,148 0,300 -5,428
33,173 1,255 -5,428
33,198 2,143 -5,404
33,223 3,053 -5,282
33,248 3,896 -5,136
33,273 4,740 -4,966
33,298 5,517 -4,723
33,323 6,272 -4,456
33,348 6,938 -4,189
33,373 7,604 -3,800
33,398 8,092 -3,435
33,423 8,581 -2,998
33,448 8,980 -2,585
33,473 9,313 -2,123
33,498 9,535 -1,686
33,523 9,691 -1,176
33,548 9,735 -0,690
33,573 9,691 -0,155
33,598 9,580 0,331
33,623 9,380 0,866
33,648 9,047 1,327
33,673 8,692 1,813
33,698 8,225 2,251
33,723 7,715 2,712
33,748 7,115 3,077
33,773 6,449 3,466
33,798 5,717 3,782
33,823 4,962 4,073
33,848 4,141 4,316
33,873 3,319 4,535
33,898 2,453 4,681
33,923 1,565 4,778
33,948 0,677 4,802
33,973 -0,188 4,851
33,998 -1,099 4,826
34,023 -1,987 4,705
34,048 -2,830 4,583
34,073 -3,607 4,389
34,098 -4,406 4,122
34,123 -5,095 3,854
34,148 -5,761 3,514
34,173 -6,316 3,174
34,198 -6,871 2,737
34,223 -7,315 2,324
34,248 -7,736 1,838
34,273 -8,025 1,376
34,298 -8,269 0,841
34,323 -8,380 0,307
34,348 -8,447 -0,252
34,373 -8,425 -0,787
34,398 -8,314 -1,346
34,423 -8,136 -1,856
34,448 -7,870 -2,391
34,473 -7,492 -2,877
34,498 -7,070 -3,387
34,523 -6,560 -3,824
34,548 -6,027 -4,286
34,573 -5,383 -4,651
34,598 -4,695 -5,039
34,623 -3,962 -5,355
34,648 -3,208 -5,647
34,673 -2,386 -5,841
34,698 -1,543 -6,011
34,723 -0,677 -6,108
34,748 0,167 -6,181
34,773 1,055 -6,206
34,798 1,898 -6,181
34,823 2,786 -6,084
34,848 3,563 -5,938
34,873 4,385 -5,695
34,898 5,162 -5,477
34,923 5,872 -5,136
34,948 6,516 -4,821
34,973 7,093 -4,407
34,998 7,626 -3,994
35,023 8,114 -3,508
35,048 8,492 -3,022
35,073 8,825 -2,439
35,098 9,002 -1,929
35,123 9,180 -1,346
35,148 9,247 -0,787
35,173 9,247 -0,204
35,198 9,113 0,355
35,223 8,936 0,963
35,248 8,669 1,522
35,273 8,336 2,105
35,298 7,892 2,567
35,323 7,448 3,077
35,348 6,871 3,539
35,373 6,250 4,000
35,398 5,584 4,340
35,423 4,851 4,705
35,448 4,096 4,972
35,473 3,319 5,240
35,498 2,498 5,410
35,523 1,654 5,531
35,548 0,811 5,580
35,573 -0,011 5,604
35,598 -0,877 5,580
35,623 -1,676 5,483
35,648 -2,497 5,288
35,673 -3,230 5,118
35,698 -3,985 4,826
35,723 -4,651 4,535
35,748 -5,294 4,146
35,773 -5,849 3,757
35,798 -6,382 3,271
35,823 -6,826 2,810
35,848 -7,226 2,251
35,873 -7,492 1,740
35,898 -7,736 1,133
35,923 -7,892 0,525
35,948 -7,936 -0,106
35,973 -7,914 -0,714
35,998 -7,825 -1,346
36,023 -7,648 -1,953
36,048 -7,448 -2,561
36,073 -7,093 -3,120
36,098 -6,715 -3,703
36,123 -6,227 -4,213
36,148 -5,738 -4,723
36,173 -5,139 -5,136
36,198 -4,517 -5,598
36,223 -3,829 -5,938
36,248 -3,119 -6,279
36,273 -2,342 -6,522
36,298 -1,565 -6,740
36,323 -0,743 -6,886
36,348 0,056 -6,959
36,373 0,899 -6,959
36,398 1,676 -6,935
36,423 2,498 -6,837
36,448 3,253 -6,692
36,473 4,030 -6,424
36,498 4,718 -6,133
36,523 5,406 -5,817
36,548 6,028 -5,428
36,573 6,627 -4,966
36,598 7,115 -4,480
36,623 7,582 -3,946
36,648 7,937 -3,411
36,673 8,248 -2,804
36,698 8,470 -2,245
36,723 8,625 -1,564
36,748 8,669 -0,957
36,773 8,669 -0,277
36,798 8,558 0,380
36,823 8,425 1,036
36,848 8,159 1,667
36,873 7,892 2,299
36,898 7,493 2,882
36,923 7,071 3,417
36,948 6,516 3,927
36,973 5,961 4,438
36,998 5,339 4,851
37,023 4,696 5,240
37,048 3,985 5,555
37,073 3,253 5,871
37,098 2,476 6,066
37,123 1,721 6,236
37,148 0,922 6,284
37,173 0,122 6,357
37,198 -0,677 6,309
37,223 -1,387 6,187
37,248 -2,186 6,017
37,273 -2,875 5,798
37,298 -3,585 5,483
37,323 -4,251 5,167
37,348 -4,850 4,754
37,373 -5,361 4,316
37,398 -5,872 3,806
37,423 -6,271 3,271
37,448 -6,626 2,664
37,473 -6,871 2,056
37,498 -7,137 1,376
37,523 -7,270 0,720
37,548 -7,359 0,039
37,573 -7,337 -0,641
37,598 -7,292 -1,346
37,623 -7,137 -2,002
37,648 -6,937 -2,682
37,673 -6,626 -3,290
37,698 -6,271 -3,946
37,723 -5,872 -4,529
37,748 -5,428 -5,088
37,773 -4,873 -5,598
37,798 -4,273 -6,084
37,823 -3,629 -6,497
37,848 -2,986 -6,837
37,873 -2,275 -7,129
37,898 -1,543 -7,372
37,923 -0,788 -7,518
37,948 -0,055 -7,639
37,973 0,722 -7,639
37,998 1,477 -7,664
38,023 2,231 -7,518
38,048 2,942 -7,372
38,073 3,652 -7,129
38,098 4,318 -6,862
38,123 4,940 -6,449
38,148 5,517 -6,036
38,173 6,094 -5,550
38,198 6,560 -5,039
38,223 6,982 -4,432
38,248 7,360 -3,849
38,273 7,648 -3,192
38,298 7,870 -2,536
38,323 8,026 -1,832
38,348 8,070 -1,127
38,373 8,092 -0,374
38,398 8,026 0,355
38,423 7,892 1,084
38,448 7,626 1,765
38,473 7,382 2,469
38,498 7,027 3,077
38,523 6,627 3,709
38,548 6,139 4,268
38,573 5,628 4,851
38,598 5,051 5,312
38,623 4,451 5,774
38,648 3,785 6,139
38,673 3,142 6,430
38,698 2,431 6,673
38,723 1,743 6,843
38,748 0,988 6,941
38,773 0,278 6,989
38,798 -0,455 6,941
38,823 -1,187 6,843
38,848 -1,898 6,698
38,873 -2,519 6,455
38,898 -3,185 6,139
38,923 -3,785 5,750
38,948 -4,340 5,312
38,973 -4,828 4,851
38,998 -5,294 4,292
39,023 -5,672 3,733
39,048 -6,027 3,053
39,073 -6,293 2,421
39,098 -6,538 1,692
39,123 -6,671 0,987
39,148 -6,737 0,234
39,173 -6,737 -0,471
39,198 -6,693 -1,273
39,223 -6,560 -2,002
39,248 -6,404 -2,731
39,273 -6,160 -3,411
39,298 -5,805 -4,116
39,323 -5,428 -4,772
39,348 -4,984 -5,404
39,373 -4,517 -5,963
39,398 -3,985 -6,497
39,423 -3,407 -6,959
39,448 -2,808 -7,323
39,473 -2,164 -7,688
39,498 -1,520 -7,980
39,523 -0,832 -8,174
39,548 -0,122 -8,295
39,573 0,589 -8,344
39,598 1,277 -8,320
39,623 1,965 -8,223
39,648 2,631 -8,077
39,673 3,253 -7,809
39,698 3,874 -7,469
39,723 4,451 -7,105
39,748 5,006 -6,643
39,773 5,517 -6,133
39,798 5,961 -5,550
39,823 6,338 -4,942
39,848 6,694 -4,286
39,873 6,960 -3,606
39,898 7,182 -2,877
39,923 7,315 -2,123
39,948 7,404 -1,346
39,973 7,404 -0,544
39,998 7,360 0,258
40,023 7,249 1,011
40,048 7,049 1,789
40,073 6,805 2,518
40,098 6,494 3,247
40,123 6,139 3,927
40,148 5,717 4,535
40,173 5,228 5,142
40,198 4,762 5,677
40,223 4,207 6,163
40,248 3,630 6,552
40,273 3,008 6,892
40,298 2,365 7,184
40,323 1,699 7,402
40,348 1,055 7,548
40,373 0,411 7,572
40,398 -0,255 7,572
40,423 -0,899 7,451
40,448 -1,520 7,305
40,473 -2,120 7,038
40,498 -2,741 6,722
40,523 -3,319 6,357
40,548 -3,807 5,920
40,573 -4,273 5,385
40,598 -4,695 4,826
40,623 -5,072 4,170
40,648 -5,361 3,514
40,673 -5,627 2,785
40,698 -5,827 2,056
40,723 -5,983 1,279
40,748 -6,049 0,501
40,773 -6,071 -0,349
40,798 -6,005 -1,151
40,823 -5,960 -1,929
40,848 -5,761 -2,731
40,873 -5,539 -3,508
40,898 -5,228 -4,262
40,923 -4,939 -4,991
40,948 -4,517 -5,671
40,973 -4,096 -6,303
40,998 -3,607 -6,862
41,023 -3,119 -7,348
41,048 -2,564 -7,809
41,073 -2,031 -8,174
41,098 -1,387 -8,466
41,123 -0,788 -8,709
41,148 -0,144 -8,879
41,173 0,500 -8,976
41,198 1,099 -8,927
41,223 1,721 -8,806
41,248 2,320 -8,636
41,273 2,897 -8,393
41,298 3,475 -8,053
41,323 3,985 -7,664
41,348 4,496 -7,202
41,373 4,940 -6,643
41,398 5,362 -6,060
41,423 5,695 -5,404
41,448 6,028 -4,699
41,473 6,272 -3,946
41,498 6,472 -3,144
41,523 6,583 -2,366
41,548 6,671 -1,540
41,573 6,694 -0,714
41,598 6,671 0,137
41,623 6,538 0,987
41,648 6,405 1,813
41,673 6,183 2,567
41,698 5,917 3,344
41,723 5,584 4,073
41,748 5,251 4,778
41,773 4,807 5,385
41,798 4,363 5,993
41,823 3,852 6,503
41,848 3,364 6,989
41,873 2,809 7,354
41,898 2,231 7,670
41,923 1,654 7,888
41,948 1,099 8,058
41,973 0,500 8,107
41,998 -0,122 8,131
42,023 -0,721 8,034
42,048 -1,254 7,864
42,073 -1,831 7,621
42,098 -2,320 7,281
42,123 -2,830 6,868
42,148 -3,274 6,406
42,173 -3,718 5,871
42,198 -4,073 5,288
42,223 -4,451 4,608
42,248 -4,717 3,927
42,273 -4,961 3,174
42,298 -5,139 2,372
42,323 -5,272 1,570
42,348 -5,339 0,720
42,373 -5,361 -0,179
42,398 -5,294 -1,006
42,423 -5,228 -1,880
42,448 -5,050 -2,706
42,473 -4,917 -3,557
42,498 -4,628 -4,335
42,523 -4,362 -5,136
42,548 -3,985 -5,841
42,573 -3,629 -6,497
42,598 -3,208 -7,129
42,623 -2,786 -7,688
42,648 -2,275 -8,174
42,673 -1,742 -8,563
42,698 -1,210 -8,903
42,723 -0,677 -9,170
42,748 -0,144 -9,340
42,773 0,433 -9,486
42,798 0,988 -9,462
42,823 1,499 -9,365
42,848 2,076 -9,195
42,873 2,564 -8,976
42,898 3,075 -8,611
42,923 3,519 -8,198
42,948 3,963 -7,712
42,973 4,363 -7,153
42,998 4,718 -6,522
43,023 5,051 -5,865
43,048 5,339 -5,136
43,073 5,539 -4,383
43,098 5,739 -3,533
43,123 5,850 -2,706
43,148 5,939 -1,807
43,173 5,961 -0,957
43,198 5,939 -0,058
43,223 5,828 0,866
43,248 5,695 1,740
43,273 5,473 2,591
43,298 5,273 3,417
43,323 4,962 4,170
43,348 4,673 4,948
43,373 4,296 5,604
43,398 3,919 6,236
43,423 3,475 6,770
43,448 3,031 7,281
43,473 2,542 7,670
43,498 2,076 8,034
43,523 1,543 8,301
43,548 1,055 8,471
43,573 0,522 8,544
43,598 0,034 8,569
43,623 -0,499 8,471
43,648 -0,965 8,326
43,673 -1,498 8,083
43,698 -1,920 7,767
43,723 -2,386 7,378
43,748 -2,786 6,892
43,773 -3,163 6,333
43,798 -3,474 5,726
43,823 -3,763 5,021
43,848 -4,007 4,292
43,873 -4,229 3,514
43,898 -4,362 2,712
43,923 -4,517 1,813
43,948 -4,584 0,963
43,973 -4,606 0,039
43,998 -4,584 -0,860
44,023 -4,495 -1,783
44,048 -4,362 -2,658
44,073 -4,207 -3,533
44,098 -3,985 -4,407
44,123 -3,740 -5,209
44,148 -3,430 -5,963
44,173 -3,119 -6,716
44,198 -2,741 -7,348
44,223 -2,342 -7,980
44,248 -1,920 -8,466
44,273 -1,476 -8,952
44,298 -1,032 -9,316
44,323 -0,588 -9,608
44,348 -0,077 -9,802
44,373 0,389 -9,875
44,398 0,899 -9,899
44,423 1,343 -9,826
44,448 1,787 -9,681
44,473 2,231 -9,462
44,498 2,675 -9,097
44,523 3,075 -8,684
44,548 3,475 -8,174
44,573 3,785 -7,591
44,598 4,118 -6,959
44,623 4,385 -6,254
44,648 4,629 -5,477
44,673 4,784 -4,699
44,698 4,940 -3,824
44,723 5,051 -2,974
44,748 5,140 -2,050
44,773 5,140 -1,151
44,798 5,117 -0,204
44,823 5,029 0,720
44,848 4,940 1,667
44,873 4,784 2,567
44,898 4,585 3,417
44,923 4,340 4,219
44,948 4,052 5,045
44,973 3,741 5,726
44,998 3,430 6,406
45,023 3,031 6,989
45,048 2,675 7,524
45,073 2,254 7,985
45,098 1,854 8,374
45,123 1,410 8,642
45,148 0,988 8,909
45,173 0,522 9,006
45,198 0,100 9,030
45,223 -0,344 8,933
45,248 -0,743 8,787
45,273 -1,165 8,544
45,298 -1,543 8,229
45,323 -1,920 7,815
45,348 -2,253 7,354
45,373 -2,586 6,770
45,398 -2,875 6,163
45,423 -3,119 5,434
45,448 -3,319 4,705
45,473 -3,496 3,854
45,498 -3,629 3,028
45,523 -3,740 2,105
45,548 -3,785 1,206
45,573 -3,785 0,258
45,598 -3,763 -0,665
45,623 -3,718 -1,613
45,648 -3,607 -2,536
45,673 -3,474 -3,484
45,698 -3,274 -4,359
45,723 -3,074 -5,234
45,748 -2,808 -6,011
45,773 -2,542 -6,789
45,798 -2,231 -7,469
45,823 -1,920 -8,150
45,848 -1,543 -8,684
45,873 -1,187 -9,170
45,898 -0,788 -9,535
45,923 -0,410 -9,875
45,948 0,011 -10,118
45,973 0,389 -10,239
45,998 0,811 -10,264
46,023 1,210 -10,215
46,048 1,588 -10,045
46,074 1,943 -9,826
46,099 2,320 -9,486
46,124 2,653 -9,073
46,149 2,942 -8,563
46,174 3,230 -8,004
46,199 3,497 -7,323
46,224 3,697 -6,595
46,249 3,896 -5,841
46,274 4,030 -4,991
46,299 4,185 -4,116
46,324 4,252 -3,192
46,349 4,296 -2,245
46,374 4,296 -1,297
46,399 4,274 -0,325
46,424 4,207 0,647
46,449 4,141 1,595
46,474 3,985 2,518
46,499 3,830 3,417
46,524 3,608 4,268
46,549 3,408 5,069
46,574 3,164 5,823
46,599 2,875 6,527
46,624 2,542 7,208
46,649 2,254 7,742
46,674 1,898 8,204
46,699 1,543 8,617
46,724 1,188 8,933
46,749 0,877 9,176
46,774 0,500 9,298
46,799 0,145 9,346
46,824 -0,211 9,298
46,849 -0,544 9,176
46,874 -0,877 8,909
46,899 -1,187 8,569
46,924 -1,476 8,156
46,949 -1,765 7,670
46,974 -2,031 7,111
46,999 -2,231 6,479
47,024 -2,453 5,774
47,049 -2,608 4,997
47,074 -2,741 4,146
47,099 -2,830 3,296
47,124 -2,919 2,372
47,149 -2,963 1,424
47,174 -2,963 0,477
47,199 -2,941 -0,519
47,224 -2,897 -1,516
47,249 -2,786 -2,463
47,274 -2,697 -3,411
47,299 -2,519 -4,335
47,324 -2,364 -5,234
47,349 -2,120 -6,084
47,374 -1,920 -6,862
47,399 -1,631 -7,591
47,424 -1,409 -8,271
47,449 -1,121 -8,879
47,474 -0,832 -9,365
47,499 -0,499 -9,778
47,524 -0,211 -10,142
47,549 0,122 -10,361
47,574 0,433 -10,531
47,599 0,744 -10,604
47,624 1,055 -10,555
47,649 1,388 -10,410
47,674 1,676 -10,191
47,699 1,965 -9,851
47,724 2,187 -9,413
47,749 2,453 -8,927
47,774 2,653 -8,344
47,799 2,853 -7,639
47,824 3,031 -6,935
47,849 3,164 -6,157
47,874 3,275 -5,307
47,899 3,364 -4,407
47,924 3,430 -3,484
47,949 3,452 -2,536
47,974 3,452 -1,540
47,999 3,430 -0,568
48,024 3,364 0,428
48,049 3,297 1,424
48,076 3,186 2,469
48,101 3,031 3,417
48,126 2,875 4,340
48,151 2,675 5,167
48,176 2,520 5,944
48,201 2,254 6,649
48,226 2,054 7,305
48,251 1,765 7,888
48,276 1,521 8,423
48,301 1,255 8,836
48,326 0,988 9,176
48,351 0,722 9,395
48,376 0,455 9,565
48,401 0,167 9,614
48,426 -0,077 9,565
48,451 -0,366 9,419
48,476 -0,588 9,200
48,501 -0,832 8,836
48,526 -1,054 8,471
48,551 -1,276 7,961
48,576 -1,454 7,402
48,601 -1,587 6,722
48,626 -1,765 6,017
48,651 -1,898 5,215
48,676 -1,987 4,389
48,701 -2,075 3,490
48,726 -2,098 2,591
48,751 -2,098 1,619
48,776 -2,120 0,647
48,801 -2,098 -0,398
48,826 -2,031 -1,370
48,851 -1,964 -2,415
48,876 -1,831 -3,387
48,901 -1,720 -4,335
48,926 -1,565 -5,234
48,951 -1,387 -6,133
48,976 -1,210 -6,910
49,001 -1,054 -7,688
49,026 -0,832 -8,368
49,051 -0,632 -9,000
49,076 -0,388 -9,511
49,101 -0,188 -9,996
49,126 0,056 -10,312
49,151 0,300 -10,580
49,176 0,544 -10,750
49,201 0,766 -10,798
49,226 0,988 -10,750
49,251 1,188 -10,653
49,276 1,432 -10,410
49,301 1,610 -10,094
49,326 1,810 -9,656
49,351 1,943 -9,170
49,376 2,120 -8,563
49,401 2,231 -7,931
49,426 2,387 -7,178
49,451 2,431 -6,376
49,476 2,520 -5,477
49,501 2,542 -4,626
49,526 2,609 -3,654
49,551 2,609 -2,731
49,576 2,631 -1,662
49,601 2,564 -0,665
49,626 2,520 0,355
49,651 2,453 1,352
49,676 2,365 2,348
49,701 2,254 3,296
49,726 2,143 4,219
49,751 1,965 5,069
49,776 1,832 5,920
49,801 1,654 6,600
49,826 1,521 7,305
49,851 1,321 7,888
49,876 1,144 8,447
49,901 0,922 8,909
49,926 0,744 9,273
49,951 0,566 9,516
49,976 0,389 9,711
50,001 0,167 9,784
50,026 0,011 9,759
50,052 -0,188 9,614
50,077 -0,322 9,419
50,102 -0,499 9,103
50,127 -0,632 8,690
50,152 -0,766 8,180
50,177 -0,877 7,645
50,202 -1,010 6,965
50,227 -1,099 6,260
50,252 -1,165 5,458
50,277 -1,210 4,632
50,302 -1,232 3,684
50,327 -1,254 2,785
50,352 -1,276 1,789
50,377 -1,232 0,817
50,402 -1,210 -0,204
50,427 -1,143 -1,224
50,452 -1,099 -2,269
50,477 -0,988 -3,241
50,502 -0,899 -4,213
50,527 -0,810 -5,136
50,552 -0,699 -6,060
50,577 -0,521 -6,886
50,602 -0,433 -7,664
50,627 -0,277 -8,393
50,652 -0,144 -9,024
50,677 0,011 -9,559
50,702 0,145 -10,045
50,727 0,300 -10,385
50,752 0,478 -10,701
50,777 0,633 -10,847
50,802 0,766 -10,968
50,827 0,899 -10,920
50,852 1,033 -10,823
50,877 1,166 -10,604
50,902 1,299 -10,337
50,927 1,410 -9,899
50,952 1,477 -9,413
50,977 1,565 -8,781
51,002 1,632 -8,174
51,027 1,699 -7,396
51,052 1,721 -6,595
51,077 1,765 -5,720
51,102 1,743 -4,845
51,127 1,765 -3,849
51,152 1,743 -2,901
51,177 1,721 -1,880
51,202 1,699 -0,884
51,227 1,654 0,185
51,252 1,565 1,181
51,277 1,521 2,178
51,302 1,432 3,125
51,327 1,343 4,098
51,352 1,232 4,997
51,377 1,166 5,798
51,402 1,033 6,552
51,427 0,944 7,281
51,452 0,811 7,888
51,477 0,722 8,471
51,502 0,566 8,933
51,527 0,478 9,298
51,552 0,367 9,565
51,577 0,278 9,784
51,602 0,145 9,857
51,627 0,056 9,857
51,652 -0,033 9,735
51,677 -0,100 9,565
51,702 -0,188 9,249
51,727 -0,233 8,860
51,752 -0,322 8,374
51,777 -0,344 7,840
51,802 -0,388 7,184
51,827 -0,410 6,479
51,852 -0,433 5,701
51,877 -0,433 4,875
51,902 -0,455 3,927
51,927 -0,410 3,004
51,952 -0,410 2,032
51,977 -0,344 1,036
52,002 -0,322 -0,034
52,027 -0,255 -1,054
52,052 -0,211 -2,099
52,077 -0,122 -3,047
52,102 -0,100 -4,043
52,127 -0,011 -4,991
52,152 0,056 -5,914
52,177 0,145 -6,765
52,202 0,211 -7,566
52,227 0,300 -8,271
52,252 0,367 -8,952
52,277 0,478 -9,511
52,302 0,500 -9,996
52,327 0,611 -10,385
52,352 0,677 -10,701
52,377 0,766 -10,896
52,402 0,811 -11,017
52,427 0,855 -11,017
52,452 0,877 -10,920
52,477 0,944 -10,701
52,502 0,966 -10,434
52,527 0,988 -10,021
52,552 1,010 -9,559
52,577 1,010 -8,976
52,602 1,033 -8,368
52,627 1,033 -7,591
52,652 0,988 -6,813
52,677 0,988 -5,938
52,702 0,966 -5,088
52,727 0,922 -4,116
52,752 0,899 -3,144
52,777 0,877 -2,099
52,802 0,811 -1,103
52,827 0,766 -0,058
52,852 0,700 0,963
52,877 0,655 1,983
52,902 0,611 2,955
52,927 0,566 3,903
52,952 0,478 4,778
52,977 0,433 5,677
53,002 0,367 6,430
53,027 0,344 7,159
53,052 0,300 7,791
53,077 0,256 8,374
53,102 0,211 8,836
53,127 0,189 9,249
53,152 0,145 9,565
53,177 0,145 9,784
53,202 0,122 9,857
53,227 0,100 9,881
53,252 0,078 9,784
53,277 0,122 9,614
53,302 0,100 9,322
53,327 0,145 8,957
53,352 0,145 8,496
53,377 0,189 7,961
53,402 0,211 7,329
53,427 0,256 6,649
53,452 0,300 5,871
53,477 0,322 5,069
53,502 0,344 4,146
53,527 0,411 3,247
53,552 0,455 2,251
53,577 0,522 1,254
53,602 0,566 0,185
53,627 0,611 -0,787
53,652 0,655 -1,832
53,677 0,722 -2,828
53,702 0,722 -3,849
53,727 0,788 -4,772
53,752 0,833 -5,720
53,777 0,855 -6,570
53,802 0,877 -7,396
53,827 0,899 -8,125
53,852 0,899 -8,806
53,877 0,922 -9,389
53,902 0,899 -9,924
53,927 0,922 -10,312
53,952 0,899 -10,653
53,977 0,899 -10,847
54,002 0,855 -11,017
54,027 0,833 -10,993
54,053 0,766 -10,944
54,078 0,744 -10,701
54,103 0,655 -10,482
54,128 0,633 -10,094
54,153 0,544 -9,608
54,178 0,500 -9,049
54,203 0,455 -8,441
54,228 0,411 -7,712
54,253 0,300 -6,959
54,278 0,256 -6,084
54,303 0,145 -5,185
54,328 0,100 -4,262
54,353 0,011 -3,265
54,378 -0,011 -2,293
54,403 -0,077 -1,273
54,428 -0,100 -0,252
54,453 -0,166 0,817
54,478 -0,188 1,789
54,503 -0,233 2,761
54,528 -0,277 3,733
54,553 -0,277 4,632
54,578 -0,277 5,507
54,603 -0,277 6,284
54,628 -0,255 6,989
54,653 -0,255 7,645
54,678 -0,211 8,229
54,703 -0,166 8,714
54,728 -0,122 9,152
54,753 -0,077 9,444
54,778 -0,033 9,686
54,803 0,034 9,808
54,828 0,145 9,832
54,853 0,211 9,735
54,878 0,322 9,589
54,903 0,389 9,346
54,928 0,478 9,006
54,953 0,566 8,520
54,978 0,677 8,034
55,003 0,766 7,427
55,028 0,877 6,746
55,053 0,966 5,944
55,078 1,077 5,142
55,103 1,166 4,268
55,128 1,255 3,368
55,153 1,299 2,421
55,178 1,366 1,424
55,203 1,410 0,404
55,228 1,499 -0,641
55,253 1,521 -1,662
55,278 1,565 -2,634
55,303 1,565 -3,630
55,328 1,588 -4,578
55,353 1,588 -5,525
55,378 1,565 -6,376
55,403 1,521 -7,202
55,428 1,499 -7,955
55,453 1,432 -8,636
55,478 1,388 -9,219
55,503 1,299 -9,753
55,528 1,232 -10,167
55,553 1,121 -10,507
55,578 1,033 -10,726
55,603 0,899 -10,871
55,628 0,811 -10,896
55,653 0,677 -10,847
55,678 0,544 -10,677
55,703 0,389 -10,434
55,728 0,300 -10,069
55,753 0,122 -9,632
55,778 0,011 -9,097
55,803 -0,122 -8,490
55,828 -0,233 -7,761
55,853 -0,388 -7,056
55,878 -0,477 -6,206
55,903 -0,610 -5,355
55,928 -0,699 -4,407
55,953 -0,810 -3,460
55,978 -0,854 -2,463
56,003 -0,943 -1,467
56,028 -0,965 -0,471
56,054 -1,010 0,574
56,079 -1,032 1,619
56,104 -1,054 2,591
56,129 -1,010 3,514
56,154 -1,010 4,413
56,179 -0,965 5,288
56,204 -0,921 6,066
56,229 -0,854 6,795
56,254 -0,810 7,451
56,279 -0,655 8,034
56,304 -0,566 8,520
56,329 -0,455 8,982
56,354 -0,322 9,298
56,379 -0,166 9,541
56,404 -0,011 9,662
56,429 0,145 9,686
56,454 0,322 9,638
56,479 0,478 9,541
56,504 0,633 9,249
56,529 0,833 8,909
56,554 1,010 8,471
56,579 1,188 8,010
56,604 1,321 7,402
56,629 1,499 6,746
56,654 1,632 6,017
56,679 1,787 5,240
56,704 1,898 4,365
56,729 2,032 3,539
56,754 2,120 2,591
56,779 2,209 1,619
56,804 2,254 0,574
56,829 2,342 -0,422
56,854 2,342 -1,419
56,879 2,409 -2,415
56,904 2,409 -3,411
56,929 2,387 -4,335
56,954 2,342 -5,258
56,979 2,298 -6,108
57,004 2,187 -6,935
57,029 2,098 -7,688
57,054 1,987 -8,344
57,079 1,876 -8,952
57,104 1,721 -9,486
57,129 1,588 -9,924
57,154 1,388 -10,288
57,179 1,210 -10,555
57,204 1,010 -10,701
57,229 0,833 -10,726
57,254 0,611 -10,701
57,279 0,433 -10,555
57,304 0,167 -10,337
57,329 -0,011 -9,996
57,354 -0,255 -9,583
57,379 -0,433 -9,049
57,404 -0,655 -8,490
57,429 -0,810 -7,809
57,454 -1,010 -7,080
57,479 -1,165 -6,279
57,504 -1,321 -5,452
57,529 -1,432 -4,553
57,554 -1,587 -3,630
57,579 -1,698 -2,634
57,604 -1,787 -1,662
57,629 -1,831 -0,665
57,654 -1,898 0,355
57,679 -1,876 1,352
57,704 -1,898 2,275
57,729 -1,853 3,223
57,754 -1,809 4,122
57,779 -1,698 4,972
57,804 -1,587 5,750
57,829 -1,454 6,479
57,854 -1,321 7,135
57,879 -1,165 7,742
57,904 -1,010 8,253
57,929 -0,788 8,666
57,954 -0,588 9,030
57,979 -0,344 9,298
58,004 -0,144 9,419
58,029 0,122 9,516
58,055 0,367 9,444
58,080 0,633 9,346
58,105 0,855 9,103
58,130 1,121 8,812
58,155 1,366 8,399
58,180 1,610 7,937
58,205 1,810 7,378
58,230 2,054 6,746
58,255 2,254 6,017
58,280 2,453 5,264
58,305 2,609 4,438
58,330 2,786 3,563
58,355 2,920 2,639
58,380 3,031 1,716
58,405 3,097 0,720
58,430 3,186 -0,228
58,455 3,208 -1,248
58,480 3,230 -2,196
58,505 3,230 -3,168
58,530 3,208 -4,092
58,555 3,097 -5,015
58,580 3,031 -5,865
58,605 2,875 -6,667
58,630 2,764 -7,372
58,655 2,564 -8,077
58,680 2,365 -8,660
58,705 2,143 -9,195
58,730 1,921 -9,632
58,755 1,676 -9,972
58,780 1,410 -10,239
58,805 1,144 -10,410
58,830 0,855 -10,482
58,855 0,566 -10,482
58,880 0,278 -10,361
58,905 -0,033 -10,142
