Winkel von Pendel1 Winkel von Pendel20,025 -1,876 -3,265
0,050 -3,563 -4,262
0,100 -3,452 -5,282
0,125 -3,074 -5,865
0,150 -2,653 -6,351
0,175 -2,164 -6,740
0,200 -1,676 -7,080
0,225 -1,143 -7,299
0,250 -0,632 -7,494
0,275 -0,077 -7,591
0,300 0,433 -7,615
0,325 0,944 -7,566
0,350 1,454 -7,445
0,375 1,943 -7,251
0,400 2,387 -7,008
0,425 2,809 -6,643
0,450 3,164 -6,230
0,475 3,519 -5,720
0,500 3,830 -5,185
0,525 4,096 -4,529
0,550 4,274 -3,897
0,578 4,451 -3,144
0,603 4,562 -2,342
0,628 4,629 -1,589
0,653 4,651 -0,811
0,678 4,629 -0,009
0,703 4,562 0,793
0,728 4,429 1,570
0,753 4,318 2,324
0,778 4,141 3,028
0,803 3,919 3,733
0,828 3,674 4,365
0,853 3,430 4,972
0,878 3,142 5,483
0,903 2,875 5,944
0,928 2,564 6,309
0,954 2,276 6,625
0,979 1,943 6,843
1,006 1,632 7,013
1,031 1,321 7,062
1,057 1,010 7,038
1,082 0,722 6,892
1,108 0,433 6,673
1,133 0,189 6,382
1,158 -0,077 6,017
1,183 -0,277 5,555
1,208 -0,455 5,021
1,233 -0,610 4,438
1,258 -0,766 3,757
1,283 -0,877 3,077
1,308 -0,965 2,299
1,333 -1,032 1,522
1,358 -1,076 0,671
1,383 -1,076 -0,204
1,408 -1,076 -1,054
1,433 -1,054 -1,905
1,458 -1,010 -2,779
1,483 -0,921 -3,606
1,509 -0,832 -4,456
1,534 -0,721 -5,234
1,560 -0,655 -5,987
1,585 -0,521 -6,667
1,611 -0,410 -7,323
1,636 -0,299 -7,858
1,661 -0,188 -8,344
1,686 -0,077 -8,733
1,715 0,011 -8,976
1,740 0,100 -9,219
1,769 0,189 -9,292
1,794 0,300 -9,268
1,819 0,322 -9,170
1,844 0,389 -8,927
1,869 0,411 -8,636
1,894 0,411 -8,223
1,921 0,411 -7,712
1,946 0,411 -7,105
1,973 0,389 -6,424
1,998 0,367 -5,744
2,023 0,344 -4,991
2,048 0,300 -4,189
2,073 0,233 -3,338
2,098 0,233 -2,488
2,123 0,211 -1,589
2,148 0,189 -0,714
2,173 0,145 0,185
2,198 0,167 1,084
2,223 0,189 1,910
2,248 0,211 2,737
2,274 0,233 3,514
2,299 0,278 4,243
2,324 0,367 4,924
2,349 0,433 5,483
2,374 0,522 5,993
2,399 0,611 6,455
2,424 0,766 6,819
2,449 0,877 7,086
2,474 1,055 7,305
2,499 1,210 7,378
2,524 1,388 7,402
2,549 1,543 7,305
2,574 1,743 7,159
2,599 1,898 6,892
2,624 2,098 6,552
2,649 2,276 6,114
2,674 2,476 5,653
2,699 2,653 5,069
2,724 2,809 4,486
2,749 2,942 3,806
2,774 3,119 3,077
2,799 3,208 2,299
2,824 3,319 1,497
2,849 3,386 0,647
2,874 3,430 -0,179
2,899 3,430 -1,006
2,924 3,452 -1,856
2,949 3,386 -2,682
2,975 3,341 -3,460
3,000 3,208 -4,262
3,025 3,075 -4,942
3,051 2,875 -5,647
3,076 2,675 -6,230
3,101 2,409 -6,765
3,126 2,143 -7,226
3,152 1,787 -7,639
3,177 1,477 -7,931
3,202 1,099 -8,174
3,227 0,722 -8,271
3,252 0,300 -8,344
3,277 -0,100 -8,271
3,302 -0,499 -8,150
3,327 -0,921 -7,931
3,354 -1,343 -7,615
3,379 -1,765 -7,275
3,404 -2,142 -6,813
3,429 -2,519 -6,351
3,456 -2,852 -5,768
3,481 -3,163 -5,161
3,506 -3,407 -4,529
3,531 -3,652 -3,873
3,558 -3,807 -3,120
3,583 -3,962 -2,415
3,608 -4,029 -1,686
3,633 -4,051 -0,957
3,666 -3,962 -0,082
3,691 -3,874 0,623
3,716 -3,718 1,327
3,741 -3,496 1,935
3,769 -3,185 2,542
3,794 -2,852 3,125
3,819 -2,497 3,611
3,844 -2,075 4,049
3,872 -1,587 4,413
3,897 -1,076 4,754
3,922 -0,544 4,972
3,947 0,011 5,142
3,972 0,589 5,240
3,997 1,188 5,288
4,022 1,765 5,240
4,047 2,365 5,142
4,072 2,920 4,948
4,097 3,497 4,754
4,122 4,030 4,462
4,147 4,585 4,146
4,172 5,051 3,733
4,197 5,539 3,320
4,222 5,917 2,858
4,247 6,294 2,348
4,273 6,583 1,789
4,298 6,827 1,254
4,323 7,004 0,671
4,348 7,138 0,112
4,373 7,160 -0,447
4,398 7,115 -0,981
4,423 7,027 -1,564
4,448 6,849 -2,050
4,475 6,560 -2,561
4,500 6,227 -3,022
4,525 5,828 -3,411
4,550 5,339 -3,800
4,575 4,829 -4,116
4,600 4,207 -4,383
4,625 3,608 -4,602
4,650 2,942 -4,821
4,675 2,254 -4,918
4,700 1,499 -5,015
4,725 0,788 -5,015
4,750 0,056 -4,991
4,775 -0,677 -4,942
4,800 -1,432 -4,845
4,825 -2,164 -4,675
4,850 -2,875 -4,529
4,875 -3,496 -4,286
4,900 -4,118 -4,067
4,925 -4,651 -3,776
4,950 -5,183 -3,484
4,975 -5,605 -3,168
5,000 -6,027 -2,852
5,025 -6,293 -2,536
5,057 -6,515 -2,099
5,082 -6,671 -1,759
5,107 -6,693 -1,419
5,132 -6,671 -1,103
5,157 -6,582 -0,762
5,182 -6,382 -0,471
5,207 -6,094 -0,155
5,232 -5,738 0,064
5,257 -5,294 0,307
5,282 -4,828 0,525
5,307 -4,229 0,744
5,332 -3,629 0,914
5,357 -2,941 1,060
5,382 -2,231 1,133
5,407 -1,432 1,230
5,432 -0,632 1,279
5,458 0,189 1,327
5,483 1,010 1,327
5,508 1,854 1,279
5,533 2,653 1,230
5,558 3,452 1,157
5,583 4,229 1,060
5,608 5,006 0,963
5,633 5,672 0,841
5,658 6,338 0,720
5,683 6,916 0,574
5,708 7,493 0,452
5,733 7,892 0,331
5,758 8,314 0,185
5,783 8,536 0,064
5,808 8,758 -0,058
5,833 8,847 -0,179
5,860 8,869 -0,277
5,885 8,803 -0,349
5,910 8,581 -0,422
5,935 8,336 -0,447
5,960 7,981 -0,544
5,985 7,559 -0,544
6,010 7,027 -0,568
6,035 6,449 -0,592
6,061 5,783 -0,592
6,086 5,051 -0,568
6,111 4,296 -0,568
6,136 3,497 -0,519
6,161 2,675 -0,519
6,186 1,832 -0,519
6,211 0,988 -0,495
6,236 0,145 -0,471
6,262 -0,743 -0,471
6,287 -1,565 -0,471
6,312 -2,386 -0,495
6,337 -3,141 -0,519
6,362 -3,829 -0,568
6,387 -4,451 -0,592
6,412 -5,095 -0,665
6,437 -5,605 -0,738
6,462 -6,094 -0,811
6,487 -6,471 -0,884
6,512 -6,760 -1,054
6,537 -6,982 -1,127
6,562 -7,115 -1,297
6,587 -7,159 -1,419
6,612 -7,159 -1,613
6,637 -7,026 -1,734
6,666 -6,782 -1,905
6,691 -6,471 -2,099
6,716 -6,094 -2,245
6,741 -5,627 -2,439
6,766 -5,117 -2,585
6,791 -4,540 -2,755
6,816 -3,896 -2,901
6,841 -3,230 -2,998
6,868 -2,431 -3,095
6,893 -1,631 -3,241
6,918 -0,832 -3,265
6,943 -0,011 -3,314
6,968 0,811 -3,338
6,993 1,610 -3,363
7,018 2,409 -3,290
7,043 3,186 -3,241
7,069 3,941 -3,144
7,094 4,673 -3,022
7,119 5,317 -2,828
7,144 5,939 -2,634
7,169 6,472 -2,366
7,194 6,916 -2,148
7,219 7,315 -1,832
7,244 7,626 -1,492
7,271 7,870 -1,176
7,296 8,026 -0,762
7,321 8,048 -0,398
7,346 8,048 0,015
7,371 7,937 0,380
7,396 7,781 0,841
7,421 7,493 1,206
7,446 7,160 1,619
7,473 6,716 1,983
7,498 6,250 2,372
7,523 5,717 2,688
7,548 5,162 3,004
7,573 4,518 3,223
7,598 3,896 3,490
7,623 3,208 3,636
7,648 2,520 3,782
7,675 1,765 3,854
7,700 1,077 3,879
7,725 0,344 3,854
7,750 -0,344 3,782
7,775 -0,988 3,660
7,800 -1,631 3,441
7,825 -2,231 3,247
7,850 -2,786 2,931
7,878 -3,319 2,591
7,903 -3,807 2,178
7,928 -4,184 1,789
7,953 -4,540 1,279
7,978 -4,784 0,817
8,003 -5,028 0,282
8,028 -5,183 -0,277
8,054 -5,250 -0,884
8,079 -5,228 -1,492
8,104 -5,183 -2,050
8,129 -5,072 -2,634
8,154 -4,873 -3,217
8,179 -4,628 -3,776
8,204 -4,362 -4,335
8,229 -3,985 -4,821
8,254 -3,607 -5,307
8,279 -3,163 -5,720
8,306 -2,630 -6,133
8,331 -2,142 -6,473
8,356 -1,587 -6,740
8,381 -1,054 -6,983
8,406 -0,477 -7,129
8,431 0,078 -7,226
8,456 0,633 -7,202
8,481 1,166 -7,153
8,506 1,721 -7,008
8,531 2,187 -6,789
8,558 2,698 -6,497
8,583 3,142 -6,133
8,608 3,541 -5,695
8,633 3,874 -5,209
8,658 4,207 -4,651
8,683 4,451 -4,067
8,708 4,696 -3,411
8,733 4,829 -2,755
8,758 4,940 -2,026
8,783 5,006 -1,297
8,810 5,006 -0,495
8,835 4,962 0,258
8,860 4,895 1,011
8,885 4,762 1,765
8,910 4,585 2,445
8,935 4,407 3,150
8,960 4,141 3,806
8,985 3,874 4,365
9,010 3,586 4,924
9,035 3,275 5,385
9,062 2,942 5,823
9,087 2,609 6,187
9,112 2,254 6,430
9,137 1,898 6,625
9,162 1,543 6,722
9,187 1,232 6,770
9,212 0,877 6,673
9,237 0,566 6,552
9,262 0,233 6,309
9,287 -0,033 6,017
9,314 -0,344 5,580
9,339 -0,566 5,167
9,364 -0,788 4,608
9,389 -0,965 4,025
9,414 -1,121 3,368
9,439 -1,232 2,688
9,464 -1,387 1,935
9,489 -1,454 1,157
9,514 -1,498 0,307
9,539 -1,498 -0,519
9,566 -1,454 -1,394
9,591 -1,454 -2,269
9,616 -1,387 -3,071
9,641 -1,321 -3,873
9,666 -1,187 -4,651
9,691 -1,076 -5,428
9,716 -0,943 -6,108
9,741 -0,832 -6,765
9,766 -0,677 -7,323
9,791 -0,544 -7,834
9,821 -0,366 -8,320
9,846 -0,211 -8,660
9,871 -0,077 -8,927
9,896 0,078 -9,073
9,921 0,211 -9,146
9,946 0,322 -9,073
9,971 0,411 -8,976
9,996 0,522 -8,709
10,021 0,566 -8,393
10,046 0,655 -7,980
10,071 0,700 -7,518
10,096 0,744 -6,959
10,121 0,744 -6,327
10,146 0,744 -5,622
10,171 0,722 -4,869
10,196 0,722 -4,092
10,221 0,700 -3,290
10,246 0,700 -2,415
10,271 0,700 -1,564
10,296 0,700 -0,665
10,321 0,700 0,185
10,346 0,677 1,084
10,371 0,655 1,910
10,396 0,677 2,712
10,421 0,655 3,466
10,446 0,700 4,195
10,471 0,722 4,851
10,496 0,766 5,434
10,521 0,811 5,920
10,546 0,855 6,406
10,571 0,922 6,770
10,596 1,033 7,038
10,621 1,144 7,208
10,646 1,255 7,329
10,671 1,366 7,329
10,696 1,499 7,256
10,721 1,632 7,086
10,746 1,765 6,868
10,771 1,876 6,527
10,796 2,032 6,163
10,821 2,165 5,653
10,846 2,320 5,118
10,871 2,431 4,462
10,896 2,564 3,806
10,921 2,653 3,077
10,946 2,764 2,324
10,971 2,831 1,522
10,996 2,897 0,695
11,021 2,920 -0,155
11,046 2,942 -0,981
11,071 2,942 -1,832
11,096 2,964 -2,658
11,121 2,853 -3,484
11,146 2,764 -4,262
11,171 2,631 -4,966
11,196 2,520 -5,622
11,221 2,320 -6,206
11,246 2,098 -6,765
11,271 1,876 -7,251
11,296 1,632 -7,664
11,321 1,366 -8,004
11,346 1,033 -8,223
11,371 0,700 -8,368
11,396 0,367 -8,441
11,421 0,034 -8,417
11,446 -0,344 -8,295
11,471 -0,699 -8,101
11,496 -1,076 -7,858
11,521 -1,432 -7,494
11,546 -1,787 -7,080
11,571 -2,098 -6,595
11,596 -2,408 -6,036
11,621 -2,697 -5,452
11,646 -2,919 -4,821
11,671 -3,141 -4,164
11,696 -3,319 -3,435
11,721 -3,430 -2,731
11,746 -3,518 -2,026
11,771 -3,585 -1,273
11,796 -3,563 -0,544
11,821 -3,496 0,185
11,846 -3,385 0,890
11,871 -3,208 1,570
11,896 -3,030 2,178
11,921 -2,764 2,785
11,946 -2,475 3,320
11,971 -2,120 3,806
11,996 -1,720 4,268
12,021 -1,276 4,632
12,046 -0,854 4,924
12,071 -0,388 5,167
12,096 0,122 5,361
12,121 0,655 5,458
12,146 1,188 5,458
12,171 1,743 5,434
12,196 2,276 5,337
12,221 2,809 5,191
12,246 3,319 4,972
12,271 3,874 4,681
12,296 4,340 4,316
12,321 4,784 3,927
12,346 5,206 3,466
12,371 5,606 2,980
12,396 5,917 2,445
12,421 6,227 1,910
12,446 6,427 1,303
12,471 6,627 0,744
12,496 6,716 0,161
12,521 6,760 -0,447
12,546 6,716 -1,030
12,572 6,627 -1,589
12,597 6,449 -2,148
12,622 6,205 -2,682
12,647 5,894 -3,120
12,672 5,517 -3,581
12,697 5,117 -3,970
12,722 4,629 -4,335
12,747 4,074 -4,651
12,772 3,475 -4,918
12,797 2,853 -5,088
12,822 2,187 -5,258
12,847 1,521 -5,355
12,872 0,811 -5,380
12,897 0,122 -5,355
12,922 -0,588 -5,331
12,947 -1,298 -5,209
12,972 -2,009 -5,088
12,997 -2,653 -4,845
13,022 -3,296 -4,651
13,047 -3,874 -4,383
13,073 -4,429 -4,092
13,098 -4,895 -3,751
13,123 -5,317 -3,411
13,148 -5,694 -3,047
13,173 -5,983 -2,682
13,198 -6,182 -2,318
13,223 -6,338 -1,953
13,248 -6,404 -1,540
13,273 -6,404 -1,176
13,298 -6,316 -0,811
13,323 -6,160 -0,471
13,348 -5,894 -0,106
13,373 -5,583 0,185
13,398 -5,183 0,501
13,423 -4,739 0,744
13,448 -4,207 1,011
13,473 -3,629 1,181
13,498 -2,986 1,376
13,523 -2,297 1,497
13,548 -1,565 1,619
13,574 -0,810 1,692
13,599 -0,011 1,740
13,624 0,788 1,740
13,649 1,588 1,765
13,674 2,365 1,692
13,699 3,164 1,643
13,724 3,919 1,522
13,749 4,673 1,424
13,774 5,362 1,279
13,799 6,005 1,133
13,824 6,605 0,987
13,849 7,138 0,841
13,874 7,604 0,647
13,899 8,003 0,477
13,924 8,292 0,282
13,949 8,514 0,112
13,974 8,647 -0,009
13,999 8,692 -0,155
14,024 8,647 -0,325
14,049 8,514 -0,447
14,076 8,270 -0,592
14,101 7,959 -0,690
14,126 7,537 -0,787
14,151 7,049 -0,835
14,176 6,516 -0,908
14,201 5,894 -0,933
14,226 5,206 -0,981
14,251 4,518 -0,981
14,276 3,741 -1,030
14,301 2,964 -1,006
14,326 2,120 -1,030
14,351 1,299 -0,981
14,376 0,433 -1,006
14,401 -0,366 -0,957
14,426 -1,210 -0,981
14,451 -2,009 -0,957
14,476 -2,786 -0,957
14,501 -3,496 -0,957
14,526 -4,184 -0,981
14,552 -4,828 -1,006
14,577 -5,383 -1,006
14,602 -5,849 -1,078
14,627 -6,249 -1,127
14,652 -6,604 -1,200
14,677 -6,848 -1,248
14,702 -7,026 -1,370
14,727 -7,115 -1,419
14,752 -7,093 -1,540
14,777 -7,026 -1,637
14,802 -6,871 -1,734
14,827 -6,604 -1,832
14,852 -6,249 -1,977
14,877 -5,872 -2,075
14,902 -5,383 -2,220
14,927 -4,828 -2,293
14,952 -4,207 -2,439
14,977 -3,563 -2,488
15,002 -2,830 -2,634
15,027 -2,075 -2,706
15,053 -1,276 -2,755
15,078 -0,477 -2,804
15,103 0,367 -2,852
15,128 1,188 -2,852
15,153 2,009 -2,828
15,178 2,786 -2,779
15,203 3,519 -2,731
15,228 4,274 -2,609
15,253 4,962 -2,512
15,278 5,606 -2,366
15,303 6,161 -2,196
15,328 6,716 -1,953
15,353 7,115 -1,734
15,378 7,493 -1,467
15,403 7,804 -1,224
15,428 8,003 -0,908
15,453 8,137 -0,592
15,478 8,181 -0,277
15,503 8,092 0,088
15,528 7,981 0,452
15,554 7,759 0,793
15,579 7,493 1,157
15,604 7,138 1,473
15,629 6,716 1,838
15,654 6,205 2,129
15,679 5,650 2,421
15,704 5,051 2,639
15,729 4,429 2,907
15,754 3,741 3,053
15,779 3,075 3,198
15,804 2,365 3,296
15,829 1,676 3,368
15,854 0,922 3,393
15,879 0,211 3,368
15,904 -0,477 3,271
15,929 -1,143 3,150
15,954 -1,809 2,955
15,979 -2,431 2,785
16,004 -3,008 2,494
16,029 -3,541 2,178
16,056 -4,007 1,813
16,081 -4,406 1,424
16,106 -4,762 0,963
16,131 -5,028 0,501
16,156 -5,250 0,015
16,181 -5,383 -0,471
16,206 -5,472 -1,030
16,231 -5,472 -1,564
16,256 -5,405 -2,123
16,281 -5,250 -2,609
16,306 -5,072 -3,144
16,331 -4,806 -3,654
16,356 -4,517 -4,164
16,381 -4,118 -4,602
16,406 -3,740 -5,039
16,431 -3,252 -5,404
16,456 -2,786 -5,817
16,481 -2,231 -6,108
16,506 -1,676 -6,400
16,531 -1,076 -6,546
16,556 -0,499 -6,692
16,581 0,078 -6,765
16,606 0,655 -6,789
16,631 1,255 -6,716
16,656 1,787 -6,595
16,681 2,342 -6,376
16,706 2,809 -6,108
16,731 3,297 -5,793
16,756 3,719 -5,380
16,781 4,118 -4,918
16,806 4,429 -4,407
16,831 4,740 -3,849
16,856 4,962 -3,265
16,881 5,140 -2,609
16,906 5,251 -1,953
16,931 5,339 -1,248
16,956 5,362 -0,568
16,981 5,339 0,161
17,006 5,251 0,841
17,031 5,117 1,570
17,056 4,940 2,251
17,081 4,762 2,907
17,106 4,474 3,514
17,131 4,207 4,098
17,156 3,874 4,583
17,181 3,586 5,069
17,206 3,208 5,434
17,231 2,853 5,798
17,256 2,453 6,041
17,281 2,098 6,260
17,306 1,676 6,333
17,331 1,299 6,382
17,356 0,922 6,333
17,381 0,566 6,260
17,406 0,211 6,041
17,431 -0,122 5,798
17,456 -0,455 5,434
17,481 -0,721 5,021
17,506 -1,010 4,535
17,531 -1,232 3,976
17,556 -1,432 3,368
17,581 -1,565 2,712
17,606 -1,720 2,008
17,631 -1,853 1,279
17,656 -1,920 0,477
17,681 -1,920 -0,301
17,706 -1,942 -1,127
17,731 -1,876 -1,953
17,756 -1,853 -2,779
17,781 -1,765 -3,533
17,806 -1,654 -4,310
17,831 -1,520 -5,015
17,856 -1,365 -5,720
17,881 -1,210 -6,351
17,906 -1,032 -6,983
17,931 -0,854 -7,445
17,956 -0,677 -7,907
17,981 -0,455 -8,271
18,006 -0,299 -8,563
18,031 -0,077 -8,757
18,056 0,078 -8,879
18,081 0,256 -8,879
18,106 0,411 -8,830
18,131 0,566 -8,636
18,156 0,700 -8,393
18,181 0,833 -8,077
18,206 0,922 -7,639
18,231 0,988 -7,105
18,256 1,055 -6,570
18,281 1,121 -5,890
18,306 1,144 -5,209
18,331 1,188 -4,432
18,356 1,188 -3,654
18,381 1,210 -2,852
18,406 1,210 -2,002
18,431 1,210 -1,127
18,456 1,188 -0,277
18,481 1,188 0,598
18,506 1,166 1,424
18,531 1,166 2,251
18,556 1,121 3,004
18,581 1,121 3,757
18,606 1,099 4,413
18,631 1,099 5,045
18,656 1,077 5,580
18,681 1,144 6,066
18,706 1,144 6,455
18,731 1,210 6,795
18,756 1,210 7,013
18,781 1,277 7,208
18,806 1,321 7,256
18,831 1,410 7,256
18,856 1,477 7,135
18,881 1,565 6,965
18,906 1,632 6,649
18,931 1,721 6,309
18,956 1,810 5,847
18,981 1,898 5,361
19,006 1,987 4,778
19,031 2,098 4,170
19,056 2,165 3,441
19,081 2,276 2,737
19,106 2,320 1,935
19,131 2,387 1,157
19,156 2,409 0,307
19,181 2,453 -0,519
19,206 2,431 -1,394
19,231 2,431 -2,220
19,256 2,387 -3,047
19,281 2,365 -3,824
19,306 2,254 -4,578
19,331 2,143 -5,258
19,356 2,009 -5,938
19,381 1,898 -6,522
19,406 1,699 -7,032
19,431 1,499 -7,469
19,456 1,255 -7,882
19,481 1,055 -8,150
19,506 0,788 -8,368
19,531 0,500 -8,466
19,556 0,189 -8,538
19,581 -0,122 -8,441
19,606 -0,433 -8,344
19,631 -0,699 -8,101
19,656 -1,054 -7,761
19,681 -1,321 -7,396
19,706 -1,631 -6,959
19,731 -1,898 -6,424
19,756 -2,164 -5,865
19,781 -2,386 -5,234
19,806 -2,586 -4,578
19,831 -2,741 -3,873
19,856 -2,897 -3,168
19,881 -2,963 -2,415
19,906 -3,030 -1,686
19,931 -3,008 -0,908
19,956 -3,008 -0,204
19,981 -2,941 0,550
20,006 -2,830 1,254
20,031 -2,675 1,935
20,056 -2,497 2,567
20,081 -2,231 3,174
20,106 -1,964 3,684
20,131 -1,565 4,170
20,156 -1,232 4,608
20,181 -0,810 4,972
20,206 -0,433 5,240
20,231 0,034 5,458
20,256 0,478 5,604
20,281 0,966 5,701
20,306 1,454 5,701
20,331 1,943 5,677
20,356 2,431 5,507
20,381 2,920 5,288
20,406 3,386 5,021
20,431 3,852 4,705
20,456 4,252 4,292
20,481 4,673 3,879
20,506 5,051 3,393
20,531 5,384 2,858
20,556 5,672 2,299
20,581 5,917 1,765
20,606 6,072 1,157
20,631 6,205 0,550
20,656 6,272 -0,131
20,681 6,294 -0,714
20,706 6,227 -1,346
20,731 6,161 -1,905
20,756 5,917 -2,488
20,781 5,695 -3,022
20,806 5,362 -3,557
20,831 5,006 -3,994
