Winkel von Pendel1 Winkel von Pendel20,025 2,564 -6,303
0,050 3,142 -5,671
0,078 3,119 -5,914
0,104 2,964 -6,303
0,129 2,764 -6,619
0,154 2,542 -6,935
0,179 2,276 -7,153
0,204 1,987 -7,323
0,229 1,676 -7,372
0,254 1,343 -7,421
0,279 1,055 -7,372
0,304 0,677 -7,251
0,329 0,300 -7,032
0,354 -0,055 -6,813
0,379 -0,388 -6,497
0,405 -0,743 -6,108
0,430 -1,032 -5,695
0,455 -1,387 -5,234
0,480 -1,698 -4,675
0,505 -1,964 -4,140
0,530 -2,209 -3,581
0,555 -2,453 -2,974
0,580 -2,653 -2,293
0,605 -2,852 -1,662
0,630 -2,963 -1,006
0,655 -3,052 -0,349
0,680 -3,141 0,282
0,705 -3,185 0,914
0,730 -3,141 1,595
0,755 -3,119 2,153
0,780 -3,008 2,737
0,805 -2,875 3,223
0,830 -2,697 3,733
0,855 -2,497 4,146
0,880 -2,275 4,535
0,905 -1,987 4,851
0,930 -1,654 5,118
0,956 -1,343 5,337
0,981 -0,988 5,531
1,006 -0,632 5,604
1,031 -0,211 5,604
1,056 0,167 5,555
1,081 0,611 5,458
1,106 0,988 5,288
1,131 1,432 5,069
1,156 1,832 4,802
1,181 2,231 4,486
1,206 2,609 4,098
1,231 2,986 3,660
1,256 3,319 3,174
1,281 3,674 2,664
1,306 3,963 2,129
1,331 4,229 1,570
1,357 4,451 0,987
1,382 4,673 0,355
1,409 4,829 -0,325
1,434 4,918 -0,957
1,459 5,029 -1,564
1,484 5,006 -2,148
1,509 5,006 -2,706
1,534 4,918 -3,265
1,561 4,807 -3,800
1,586 4,607 -4,310
1,611 4,407 -4,748
1,636 4,141 -5,161
1,661 3,874 -5,501
1,686 3,541 -5,841
1,712 3,186 -6,036
1,737 2,764 -6,254
1,762 2,342 -6,351
1,787 1,876 -6,473
1,813 1,432 -6,473
1,838 0,966 -6,449
1,865 0,455 -6,303
1,890 -0,033 -6,108
1,917 -0,544 -5,890
1,942 -1,010 -5,598
1,967 -1,498 -5,282
1,992 -1,942 -4,893
2,019 -2,386 -4,456
2,044 -2,808 -3,994
2,069 -3,141 -3,508
2,094 -3,452 -3,022
2,119 -3,718 -2,488
2,144 -3,940 -1,953
2,174 -4,184 -1,321
2,199 -4,318 -0,762
2,224 -4,429 -0,204
2,249 -4,451 0,355
2,275 -4,451 0,890
2,300 -4,340 1,424
2,325 -4,229 1,886
2,350 -4,051 2,348
2,375 -3,851 2,761
2,400 -3,563 3,150
2,425 -3,274 3,466
2,450 -2,919 3,782
2,475 -2,519 4,000
2,500 -2,075 4,195
2,525 -1,654 4,340
2,550 -1,121 4,438
2,575 -0,655 4,462
2,600 -0,122 4,486
2,625 0,367 4,389
2,650 0,944 4,292
2,675 1,477 4,122
2,700 2,009 3,903
2,725 2,520 3,636
2,750 3,031 3,368
2,775 3,519 3,004
2,800 4,007 2,664
2,825 4,385 2,251
2,850 4,784 1,813
2,875 5,140 1,352
2,900 5,450 0,890
2,925 5,695 0,380
2,950 5,939 -0,106
2,975 6,072 -0,592
3,000 6,183 -1,078
3,025 6,205 -1,589
3,053 6,205 -2,075
3,078 6,094 -2,536
3,103 5,983 -2,950
3,128 5,761 -3,338
3,153 5,517 -3,727
3,178 5,206 -4,067
3,203 4,873 -4,310
3,228 4,496 -4,626
3,254 4,030 -4,845
3,279 3,563 -4,966
3,304 3,031 -5,112
3,329 2,498 -5,161
3,355 1,921 -5,209
3,380 1,343 -5,161
3,405 0,744 -5,112
3,430 0,145 -4,942
3,456 -0,433 -4,796
3,481 -1,010 -4,578
3,506 -1,609 -4,383
3,531 -2,164 -4,092
3,557 -2,697 -3,800
3,582 -3,185 -3,411
3,607 -3,629 -3,071
3,632 -4,051 -2,682
3,659 -4,429 -2,245
3,684 -4,739 -1,880
3,709 -5,006 -1,443
3,734 -5,206 -1,030
3,767 -5,361 -0,544
3,792 -5,450 -0,082
3,817 -5,472 0,331
3,842 -5,383 0,720
3,871 -5,250 1,157
3,896 -5,050 1,473
3,921 -4,784 1,838
3,946 -4,517 2,081
3,973 -4,162 2,372
3,998 -3,763 2,567
4,023 -3,274 2,761
4,048 -2,808 2,907
4,073 -2,275 3,053
4,098 -1,698 3,077
4,123 -1,076 3,125
4,148 -0,499 3,101
4,173 0,122 3,077
4,198 0,744 2,955
4,223 1,410 2,858
4,248 2,032 2,664
4,273 2,653 2,494
4,298 3,230 2,251
4,323 3,830 2,032
4,348 4,363 1,740
4,373 4,873 1,473
4,398 5,317 1,157
4,423 5,783 0,817
4,448 6,139 0,452
4,473 6,449 0,088
4,498 6,694 -0,252
4,523 6,893 -0,617
4,548 7,027 -0,981
4,573 7,115 -1,273
4,598 7,093 -1,613
4,623 7,027 -1,905
4,648 6,893 -2,245
4,674 6,694 -2,512
4,699 6,427 -2,804
4,724 6,094 -2,998
4,749 5,717 -3,192
4,774 5,251 -3,363
4,799 4,784 -3,484
4,824 4,252 -3,606
4,849 3,674 -3,678
4,874 3,097 -3,727
4,899 2,476 -3,727
4,924 1,810 -3,727
4,949 1,166 -3,654
4,974 0,478 -3,557
4,999 -0,188 -3,435
5,024 -0,832 -3,290
5,049 -1,520 -3,120
5,074 -2,142 -2,925
5,099 -2,741 -2,731
5,124 -3,296 -2,512
5,149 -3,874 -2,245
5,174 -4,318 -2,026
5,199 -4,739 -1,759
5,224 -5,139 -1,492
5,249 -5,450 -1,200
5,274 -5,738 -0,933
5,299 -5,938 -0,665
5,324 -6,071 -0,398
5,349 -6,160 -0,131
5,374 -6,160 0,112
5,399 -6,116 0,331
5,424 -5,983 0,574
5,449 -5,761 0,768
5,477 -5,472 0,963
5,502 -5,117 1,157
5,527 -4,739 1,279
5,552 -4,295 1,400
5,577 -3,807 1,473
5,602 -3,274 1,546
5,627 -2,697 1,570
5,652 -2,075 1,619
5,677 -1,432 1,570
5,702 -0,743 1,546
5,727 -0,077 1,497
5,752 0,611 1,424
5,777 1,299 1,279
5,802 2,032 1,206
5,827 2,698 1,036
5,853 3,364 0,890
5,878 3,985 0,720
5,903 4,607 0,525
5,928 5,140 0,307
5,953 5,672 0,137
5,978 6,161 -0,106
6,003 6,560 -0,301
6,028 6,893 -0,495
6,053 7,204 -0,690
6,078 7,360 -0,884
6,103 7,537 -1,054
6,128 7,626 -1,248
6,153 7,648 -1,419
6,178 7,559 -1,589
6,203 7,426 -1,710
6,228 7,204 -1,832
6,254 6,916 -1,953
6,279 6,583 -2,050
6,304 6,205 -2,123
6,329 5,717 -2,172
6,354 5,206 -2,196
6,379 4,651 -2,220
6,404 4,030 -2,220
6,429 3,386 -2,172
6,455 2,698 -2,123
6,480 2,009 -2,075
6,505 1,299 -2,002
6,530 0,589 -1,905
6,555 -0,122 -1,807
6,580 -0,832 -1,710
6,605 -1,543 -1,589
6,630 -2,209 -1,467
6,656 -2,852 -1,370
6,681 -3,474 -1,200
6,706 -4,029 -1,054
6,731 -4,517 -0,933
6,756 -5,006 -0,811
6,781 -5,405 -0,641
6,806 -5,761 -0,568
6,831 -6,027 -0,398
6,857 -6,271 -0,277
6,882 -6,382 -0,179
6,907 -6,471 -0,106
6,932 -6,471 -0,009
6,957 -6,449 0,064
6,982 -6,271 0,112
7,007 -6,094 0,161
7,032 -5,805 0,185
7,059 -5,450 0,185
7,084 -5,072 0,185
7,109 -4,606 0,185
7,134 -4,073 0,161
7,159 -3,518 0,088
7,184 -2,919 0,064
7,209 -2,297 0,015
7,234 -1,587 -0,058
7,261 -0,832 -0,106
7,286 -0,122 -0,204
7,311 0,589 -0,252
7,336 1,321 -0,374
7,361 2,054 -0,471
7,386 2,742 -0,568
7,411 3,386 -0,641
7,436 4,052 -0,762
7,462 4,696 -0,835
7,487 5,251 -0,933
7,512 5,783 -0,981
7,537 6,272 -1,103
7,562 6,716 -1,127
7,587 7,049 -1,200
7,612 7,360 -1,248
7,637 7,537 -1,297
7,664 7,715 -1,297
7,689 7,781 -1,321
7,714 7,781 -1,297
7,739 7,693 -1,248
7,764 7,559 -1,200
7,789 7,337 -1,200
7,814 7,049 -1,127
7,839 6,694 -1,103
7,866 6,250 -1,006
7,891 5,783 -0,908
7,916 5,228 -0,835
7,941 4,696 -0,738
7,966 4,052 -0,665
7,991 3,386 -0,544
8,016 2,698 -0,471
8,041 2,032 -0,349
8,068 1,277 -0,252
8,093 0,544 -0,155
8,118 -0,188 -0,058
8,143 -0,877 0,039
8,168 -1,587 0,088
8,193 -2,253 0,137
8,218 -2,897 0,185
8,243 -3,496 0,234
8,268 -4,073 0,258
8,293 -4,562 0,307
8,319 -5,072 0,282
8,344 -5,450 0,258
8,369 -5,783 0,209
8,394 -6,049 0,209
8,419 -6,249 0,137
8,444 -6,360 0,088
8,469 -6,471 -0,009
8,494 -6,449 -0,106
8,519 -6,404 -0,228
8,544 -6,249 -0,301
8,570 -6,005 -0,422
8,595 -5,738 -0,617
8,620 -5,405 -0,714
8,645 -5,006 -0,860
8,670 -4,540 -0,981
8,695 -4,029 -1,151
8,720 -3,452 -1,248
8,745 -2,852 -1,394
8,770 -2,231 -1,516
8,795 -1,543 -1,662
8,822 -0,832 -1,759
8,847 -0,122 -1,856
8,872 0,611 -1,977
8,897 1,299 -2,075
8,922 2,032 -2,123
8,947 2,698 -2,196
8,972 3,364 -2,220
8,997 3,985 -2,245
9,022 4,585 -2,220
9,047 5,140 -2,220
9,074 5,717 -2,172
9,099 6,161 -2,099
9,124 6,560 -2,026
9,149 6,893 -1,905
9,174 7,160 -1,807
9,199 7,360 -1,710
9,224 7,493 -1,540
9,249 7,559 -1,394
9,274 7,559 -1,224
9,299 7,471 -1,030
9,326 7,315 -0,811
9,351 7,115 -0,617
9,376 6,805 -0,398
9,401 6,449 -0,155
9,426 6,050 0,039
9,451 5,584 0,234
9,476 5,073 0,428
9,501 4,518 0,647
9,526 3,896 0,793
9,553 3,275 0,987
9,578 2,587 1,157
9,603 1,921 1,303
9,628 1,232 1,400
9,653 0,566 1,497
9,678 -0,144 1,546
9,703 -0,788 1,619
9,728 -1,476 1,643
9,753 -2,098 1,667
9,778 -2,719 1,643
9,808 -3,363 1,570
9,833 -3,896 1,522
9,858 -4,362 1,376
9,883 -4,784 1,279
9,908 -5,161 1,133
9,933 -5,450 0,938
9,958 -5,716 0,744
9,983 -5,894 0,550
10,008 -6,005 0,282
10,033 -6,049 0,064
10,058 -6,049 -0,204
10,083 -5,938 -0,422
10,108 -5,805 -0,762
10,133 -5,583 -1,030
10,158 -5,317 -1,297
10,183 -4,961 -1,589
10,208 -4,584 -1,856
10,233 -4,140 -2,099
10,258 -3,674 -2,342
10,283 -3,119 -2,585
10,308 -2,564 -2,828
10,333 -1,964 -3,022
10,358 -1,343 -3,217
10,383 -0,677 -3,338
10,408 -0,055 -3,484
10,433 0,633 -3,606
10,458 1,299 -3,678
10,483 1,943 -3,727
10,508 2,542 -3,727
10,533 3,142 -3,703
10,558 3,719 -3,654
10,583 4,296 -3,557
10,608 4,762 -3,435
10,633 5,273 -3,290
10,658 5,695 -3,095
10,683 6,072 -2,901
10,708 6,338 -2,682
10,733 6,605 -2,391
10,758 6,782 -2,148
10,783 6,938 -1,832
10,808 6,960 -1,540
10,833 6,960 -1,176
10,858 6,893 -0,835
10,883 6,760 -0,471
10,908 6,538 -0,131
10,933 6,272 0,234
10,958 5,961 0,574
10,983 5,606 0,914
11,008 5,184 1,230
11,033 4,718 1,546
11,058 4,185 1,838
11,083 3,652 2,129
11,108 3,097 2,348
11,133 2,520 2,567
11,158 1,898 2,737
11,183 1,321 2,882
11,208 0,700 3,004
11,233 0,078 3,101
11,258 -0,544 3,150
11,283 -1,121 3,125
11,308 -1,742 3,077
11,333 -2,275 3,028
11,358 -2,808 2,882
11,383 -3,208 2,761
11,408 -3,696 2,542
11,433 -4,073 2,324
11,458 -4,429 2,032
11,483 -4,695 1,789
11,508 -4,961 1,449
11,533 -5,117 1,133
11,558 -5,250 0,720
11,583 -5,294 0,355
11,608 -5,294 -0,058
11,633 -5,228 -0,471
11,658 -5,139 -0,884
11,683 -4,961 -1,297
11,708 -4,695 -1,734
11,733 -4,406 -2,148
11,758 -4,118 -2,561
11,783 -3,740 -2,925
11,808 -3,319 -3,265
11,833 -2,875 -3,630
11,858 -2,386 -3,946
11,883 -1,809 -4,213
11,908 -1,298 -4,456
11,933 -0,721 -4,675
11,958 -0,144 -4,869
11,983 0,433 -4,991
12,008 1,010 -5,112
12,033 1,565 -5,136
12,058 2,120 -5,136
12,083 2,653 -5,064
12,108 3,164 -4,966
12,133 3,674 -4,845
12,158 4,118 -4,699
12,183 4,518 -4,432
12,208 4,895 -4,189
12,233 5,206 -3,849
12,258 5,473 -3,533
12,283 5,695 -3,120
12,308 5,850 -2,755
12,333 5,983 -2,293
12,358 6,028 -1,832
12,383 6,050 -1,394
12,408 5,983 -0,933
12,433 5,894 -0,422
12,458 5,717 0,039
12,483 5,517 0,525
12,508 5,251 1,011
12,533 4,940 1,497
12,558 4,607 1,935
12,583 4,229 2,348
12,608 3,785 2,737
12,633 3,364 3,101
12,658 2,853 3,441
12,683 2,387 3,709
12,708 1,876 3,927
12,733 1,366 4,170
12,758 0,833 4,268
12,783 0,344 4,389
12,808 -0,188 4,413
12,833 -0,677 4,438
12,858 -1,165 4,365
12,883 -1,609 4,268
12,908 -2,053 4,098
12,933 -2,453 3,903
12,958 -2,852 3,636
12,983 -3,163 3,320
13,008 -3,474 2,980
13,033 -3,718 2,615
13,058 -3,918 2,178
13,083 -4,051 1,740
13,108 -4,162 1,254
13,133 -4,207 0,793
13,158 -4,251 0,209
13,183 -4,207 -0,301
13,208 -4,140 -0,860
13,233 -3,985 -1,394
13,258 -3,829 -1,929
13,283 -3,563 -2,439
13,308 -3,341 -2,974
13,333 -3,030 -3,460
13,358 -2,697 -3,946
13,383 -2,320 -4,359
13,408 -1,942 -4,772
13,433 -1,498 -5,136
13,458 -1,054 -5,452
13,483 -0,566 -5,695
13,508 -0,144 -5,963
13,533 0,322 -6,133
13,559 0,811 -6,254
13,584 1,299 -6,303
13,609 1,699 -6,303
13,634 2,143 -6,230
13,659 2,542 -6,133
13,684 2,964 -5,963
13,709 3,297 -5,744
13,734 3,630 -5,452
13,759 3,896 -5,161
13,784 4,163 -4,748
13,809 4,363 -4,335
13,834 4,562 -3,849
13,859 4,673 -3,387
13,884 4,784 -2,828
13,909 4,807 -2,293
13,934 4,829 -1,710
13,959 4,762 -1,127
13,984 4,718 -0,519
14,009 4,562 0,064
14,034 4,429 0,671
14,060 4,207 1,254
14,085 3,985 1,838
14,110 3,697 2,348
14,135 3,408 2,882
14,160 3,053 3,344
14,185 2,742 3,806
14,210 2,365 4,170
14,235 2,009 4,535
14,260 1,588 4,802
14,285 1,232 5,045
14,310 0,811 5,215
14,335 0,433 5,361
14,360 0,011 5,410
14,385 -0,344 5,434
14,410 -0,721 5,385
14,435 -1,032 5,264
14,460 -1,387 5,069
14,485 -1,676 4,851
14,510 -1,964 4,535
14,535 -2,209 4,195
14,560 -2,431 3,782
14,585 -2,608 3,344
14,610 -2,741 2,858
14,635 -2,852 2,324
14,660 -2,941 1,765
14,685 -2,963 1,181
14,710 -2,963 0,550
14,735 -2,897 -0,058
14,760 -2,852 -0,690
14,785 -2,719 -1,346
14,810 -2,586 -1,977
14,835 -2,408 -2,585
14,860 -2,231 -3,192
14,885 -1,987 -3,751
14,910 -1,720 -4,310
14,935 -1,432 -4,869
14,960 -1,165 -5,331
14,985 -0,854 -5,768
15,010 -0,544 -6,181
15,035 -0,211 -6,473
15,061 0,122 -6,765
15,086 0,478 -6,983
15,111 0,811 -7,105
15,136 1,099 -7,202
15,161 1,410 -7,202
15,186 1,699 -7,153
15,211 1,987 -7,032
15,236 2,276 -6,862
15,261 2,520 -6,595
15,286 2,698 -6,303
15,311 2,920 -5,938
15,336 3,075 -5,501
15,361 3,230 -5,015
15,386 3,297 -4,480
15,411 3,364 -3,921
15,436 3,408 -3,338
15,461 3,452 -2,706
15,486 3,430 -2,075
15,511 3,364 -1,394
15,536 3,297 -0,738
15,562 3,208 -0,034
15,587 3,053 0,671
15,612 2,920 1,352
15,637 2,742 1,959
15,662 2,564 2,591
15,687 2,342 3,174
15,712 2,120 3,733
15,737 1,876 4,170
15,762 1,632 4,656
15,787 1,366 5,069
15,812 1,121 5,410
15,837 0,855 5,653
15,862 0,589 5,896
15,887 0,322 6,041
15,912 0,100 6,114
15,937 -0,144 6,114
15,962 -0,344 6,090
15,987 -0,544 5,969
16,012 -0,743 5,774
16,037 -0,943 5,531
16,065 -1,076 5,191
16,090 -1,232 4,778
16,115 -1,321 4,340
16,140 -1,409 3,854
16,165 -1,454 3,320
16,190 -1,520 2,737
16,215 -1,498 2,153
16,240 -1,520 1,497
16,265 -1,454 0,841
16,290 -1,432 0,161
16,315 -1,321 -0,544
16,340 -1,254 -1,273
16,365 -1,121 -1,929
16,390 -1,010 -2,634
16,415 -0,854 -3,290
16,440 -0,721 -3,946
16,465 -0,544 -4,553
16,490 -0,366 -5,112
16,515 -0,166 -5,647
16,540 0,011 -6,133
16,565 0,233 -6,546
16,590 0,389 -6,910
16,615 0,589 -7,202
16,640 0,744 -7,445
16,665 0,944 -7,639
16,690 1,099 -7,761
16,715 1,277 -7,737
16,740 1,410 -7,688
16,765 1,543 -7,566
16,790 1,654 -7,396
16,815 1,765 -7,105
16,840 1,832 -6,789
16,865 1,898 -6,400
16,890 1,965 -5,963
16,915 2,009 -5,452
16,940 2,009 -4,942
16,965 2,009 -4,310
16,990 1,965 -3,678
17,015 1,965 -3,022
17,040 1,921 -2,342
17,065 1,832 -1,637
17,090 1,721 -0,933
17,115 1,654 -0,228
17,140 1,565 0,501
17,165 1,454 1,230
17,190 1,343 1,886
17,215 1,210 2,567
17,240 1,099 3,174
17,265 0,988 3,782
17,290 0,855 4,292
17,315 0,722 4,778
17,340 0,589 5,240
17,365 0,500 5,604
17,390 0,367 5,896
17,415 0,256 6,139
17,440 0,145 6,309
17,465 0,056 6,430
17,490 -0,011 6,479
17,515 -0,077 6,455
17,540 -0,144 6,333
17,565 -0,188 6,163
17,590 -0,233 5,871
17,615 -0,233 5,604
17,640 -0,255 5,215
17,665 -0,211 4,778
17,690 -0,233 4,292
17,715 -0,188 3,757
17,740 -0,144 3,150
17,765 -0,077 2,518
17,790 -0,055 1,862
17,815 0,011 1,230
17,840 0,100 0,501
17,865 0,189 -0,228
17,890 0,300 -0,981
17,915 0,411 -1,686
17,940 0,478 -2,391
17,965 0,589 -3,071
17,990 0,677 -3,800
18,015 0,744 -4,407
18,040 0,811 -5,015
18,065 0,899 -5,550
18,090 0,988 -6,084
18,115 1,099 -6,546
18,140 1,121 -6,959
18,165 1,188 -7,251
18,190 1,188 -7,542
18,215 1,232 -7,712
18,240 1,210 -7,858
18,265 1,210 -7,907
18,290 1,188 -7,907
18,315 1,188 -7,785
18,340 1,144 -7,615
18,365 1,121 -7,372
18,390 1,055 -7,105
18,415 1,010 -6,716
18,440 0,899 -6,279
18,465 0,833 -5,793
18,490 0,722 -5,234
18,515 0,655 -4,651
18,540 0,566 -4,043
18,565 0,478 -3,387
18,590 0,367 -2,706
18,615 0,300 -2,002
18,640 0,189 -1,273
18,665 0,100 -0,544
18,690 0,011 0,161
18,715 -0,055 0,890
18,740 -0,144 1,595
18,765 -0,188 2,275
18,790 -0,255 2,907
18,815 -0,277 3,514
18,840 -0,322 4,049
18,865 -0,322 4,535
18,890 -0,344 4,997
18,915 -0,299 5,410
18,940 -0,277 5,750
18,965 -0,233 6,017
18,990 -0,188 6,187
19,015 -0,122 6,333
19,040 -0,055 6,406
19,065 0,056 6,406
19,090 0,122 6,309
19,115 0,233 6,212
19,140 0,367 5,944
19,165 0,500 5,701
19,190 0,589 5,337
19,215 0,744 4,924
19,240 0,877 4,462
19,265 1,033 3,952
19,290 1,144 3,393
19,315 1,299 2,810
19,340 1,432 2,153
19,365 1,565 1,497
19,390 1,654 0,793
19,415 1,787 0,088
19,440 1,854 -0,641
19,465 1,943 -1,297
19,490 2,009 -2,050
19,515 2,076 -2,706
19,540 2,098 -3,387
19,565 2,143 -4,019
19,590 2,120 -4,651
19,615 2,120 -5,185
19,640 2,098 -5,744
19,665 2,032 -6,181
19,690 1,921 -6,595
19,715 1,854 -6,935
19,740 1,743 -7,226
19,765 1,632 -7,421
19,790 1,477 -7,615
19,815 1,321 -7,664
19,840 1,144 -7,664
19,865 0,988 -7,591
19,890 0,788 -7,469
19,915 0,633 -7,251
19,940 0,389 -6,959
19,965 0,211 -6,619
19,990 -0,011 -6,230
20,015 -0,188 -5,768
20,040 -0,388 -5,282
20,065 -0,566 -4,723
20,090 -0,743 -4,164
20,115 -0,899 -3,533
20,140 -1,054 -2,901
20,165 -1,187 -2,196
20,190 -1,343 -1,516
20,215 -1,432 -0,811
20,240 -1,498 -0,155
20,265 -1,565 0,574
20,290 -1,609 1,206
20,315 -1,587 1,862
20,340 -1,609 2,469
20,365 -1,565 3,077
20,390 -1,498 3,611
20,415 -1,409 4,122
20,440 -1,321 4,535
20,465 -1,187 4,948
20,490 -1,054 5,264
20,515 -0,877 5,555
20,540 -0,677 5,774
20,565 -0,455 5,920
20,590 -0,233 5,993
20,615 0,011 6,017
20,640 0,233 5,944
20,665 0,522 5,847
20,690 0,744 5,653
20,715 1,033 5,434
20,740 1,299 5,118
20,765 1,588 4,778
20,790 1,832 4,340
20,815 2,076 3,879
20,840 2,276 3,368
20,865 2,520 2,834
20,890 2,698 2,251
20,915 2,920 1,643
20,940 3,075 0,987
20,965 3,230 0,355
20,990 3,319 -0,349
21,015 3,408 -0,981
21,040 3,452 -1,662
21,065 3,497 -2,293
21,090 3,497 -2,901
21,115 3,475 -3,508
21,140 3,408 -4,116
21,165 3,341 -4,602
21,190 3,208 -5,112
21,215 3,075 -5,574
21,240 2,853 -5,963
21,265 2,675 -6,303
21,290 2,431 -6,546
21,315 2,165 -6,765
21,340 1,854 -6,935
21,365 1,588 -7,032
21,390 1,277 -7,056
21,415 0,966 -7,008
21,440 0,611 -6,910
21,465 0,300 -6,716
21,490 -0,055 -6,497
21,515 -0,388 -6,206
21,540 -0,721 -5,914
21,565 -1,010 -5,501
21,590 -1,321 -5,039
21,615 -1,609 -4,553
21,640 -1,898 -4,067
21,665 -2,120 -3,484
21,690 -2,364 -2,925
21,715 -2,564 -2,318
21,740 -2,697 -1,710
21,765 -2,830 -1,078
21,790 -2,941 -0,471
21,815 -2,963 0,161
21,840 -3,030 0,768
21,865 -2,986 1,352
21,890 -2,963 1,910
21,915 -2,830 2,494
21,940 -2,719 2,931
21,965 -2,542 3,393
21,990 -2,386 3,830
22,015 -2,120 4,195
22,040 -1,876 4,486
22,065 -1,543 4,778
22,090 -1,232 4,997
22,115 -0,899 5,142
22,140 -0,566 5,215
22,165 -0,166 5,264
22,190 0,189 5,240
22,215 0,589 5,167
22,240 0,988 4,997
22,265 1,388 4,826
22,290 1,765 4,535
22,315 2,187 4,268
22,340 2,542 3,903
22,365 2,897 3,514
22,390 3,208 3,077
22,415 3,541 2,615
22,440 3,808 2,105
22,465 4,074 1,570
22,490 4,296 1,011
22,515 4,496 0,452
22,540 4,629 -0,131
22,565 4,762 -0,690
22,590 4,784 -1,297
22,615 4,829 -1,856
22,640 4,784 -2,391
22,665 4,740 -2,925
22,690 4,651 -3,435
22,715 4,518 -3,873
22,740 4,296 -4,335
22,765 4,052 -4,675
22,790 3,763 -5,064
22,815 3,497 -5,380
22,840 3,119 -5,647
22,865 2,786 -5,841
22,890 2,387 -5,987
22,915 1,965 -6,060
22,940 1,521 -6,133
22,965 1,077 -6,108
22,990 0,589 -6,011
23,015 0,167 -5,890
23,040 -0,299 -5,720
23,065 -0,721 -5,477
23,090 -1,187 -5,234
23,115 -1,631 -4,869
23,140 -2,053 -4,505
23,165 -2,431 -4,092
23,190 -2,786 -3,678
23,215 -3,097 -3,192
23,240 -3,407 -2,731
23,265 -3,629 -2,245
23,290 -3,851 -1,734
23,315 -4,007 -1,176
23,340 -4,118 -0,690
23,365 -4,162 -0,155
23,390 -4,229 0,307
23,415 -4,207 0,841
23,440 -4,118 1,303
23,465 -3,962 1,740
23,490 -3,807 2,153
23,515 -3,585 2,567
23,540 -3,341 2,931
23,565 -3,008 3,247
23,590 -2,697 3,514
23,615 -2,275 3,757
23,640 -1,898 3,952
23,665 -1,432 4,098
23,690 -0,988 4,122
23,715 -0,477 4,195
23,740 -0,011 4,170
23,765 0,500 4,146
23,790 1,010 4,025
23,815 1,543 3,879
23,840 2,032 3,660
23,865 2,542 3,417
23,890 2,986 3,125
23,915 3,452 2,834
23,940 3,896 2,469
23,965 4,318 2,105
23,990 4,651 1,692
24,015 4,984 1,279
24,040 5,251 0,841
24,066 5,517 0,380
24,091 5,695 -0,131
24,116 5,872 -0,592
24,141 5,939 -1,006
24,166 5,961 -1,467
24,191 5,961 -1,929
24,216 5,850 -2,342
24,241 5,717 -2,755
24,266 5,517 -3,120
24,291 5,251 -3,508
24,316 4,984 -3,800
24,341 4,651 -4,092
24,366 4,296 -4,335
24,391 3,852 -4,553
24,416 3,386 -4,675
24,441 2,897 -4,796
24,466 2,431 -4,845
24,491 1,854 -4,893
24,516 1,299 -4,893
24,541 0,722 -4,845
24,566 0,167 -4,723
24,591 -0,388 -4,602
24,616 -0,921 -4,407
24,641 -1,454 -4,189
24,666 -1,987 -3,921
24,691 -2,519 -3,678
24,716 -2,963 -3,338
24,741 -3,385 -3,047
24,766 -3,763 -2,658
24,791 -4,162 -2,318
24,816 -4,451 -1,953
24,841 -4,717 -1,540
24,866 -4,895 -1,151
24,891 -5,072 -0,787
24,916 -5,139 -0,374
24,941 -5,206 -0,009
24,966 -5,139 0,404
24,991 -5,072 0,768
25,016 -4,939 1,109
25,041 -4,717 1,400
25,066 -4,451 1,716
25,091 -4,184 1,959
25,116 -3,807 2,202
25,141 -3,430 2,396
25,166 -2,963 2,591
25,191 -2,497 2,712
25,216 -1,964 2,834
25,241 -1,432 2,858
25,266 -0,832 2,907
25,291 -0,277 2,882
25,316 0,344 2,834
25,341 0,922 2,737
25,366 1,543 2,639
25,391 2,098 2,469
25,416 2,698 2,299
25,441 3,253 2,056
25,466 3,785 1,838
25,491 4,274 1,595
25,516 4,784 1,303
25,541 5,206 1,011
25,566 5,606 0,744
25,591 5,961 0,380
25,616 6,250 0,064
25,641 6,449 -0,277
25,666 6,627 -0,592
25,691 6,738 -0,933
25,716 6,805 -1,248
25,741 6,760 -1,564
25,766 6,694 -1,832
