Winkel von Pendel1 Winkel von Pendel20,025 -4,651 -5,064
0,050 -5,428 -6,376
0,076 -5,228 -6,327
0,101 -4,762 -5,914
0,126 -4,207 -5,404
0,151 -3,563 -4,772
0,176 -2,919 -4,164
0,201 -2,209 -3,460
0,226 -1,476 -2,755
0,251 -0,699 -2,026
0,276 0,078 -1,297
0,301 0,855 -0,519
0,326 1,565 0,209
0,351 2,342 0,963
0,376 3,053 1,667
0,401 3,785 2,421
0,426 4,451 3,101
0,451 5,073 3,733
0,476 5,672 4,316
0,501 6,250 4,899
0,526 6,738 5,385
0,551 7,204 5,847
0,576 7,559 6,236
0,601 7,892 6,576
0,626 8,114 6,843
0,651 8,314 7,038
0,676 8,403 7,159
0,701 8,425 7,208
0,726 8,381 7,208
0,751 8,292 7,135
0,776 8,092 6,965
0,801 7,804 6,746
0,826 7,471 6,479
0,851 7,071 6,114
0,876 6,583 5,701
0,901 6,094 5,240
0,926 5,495 4,681
0,951 4,895 4,122
0,976 4,207 3,514
1,001 3,541 2,858
1,026 2,809 2,153
1,051 2,076 1,449
1,076 1,321 0,695
1,101 0,566 -0,034
1,126 -0,211 -0,811
1,151 -0,965 -1,540
1,176 -1,720 -2,318
1,201 -2,431 -2,998
1,226 -3,119 -3,727
1,251 -3,740 -4,359
1,276 -4,406 -5,039
1,301 -4,939 -5,622
1,326 -5,450 -6,157
1,351 -5,916 -6,643
1,376 -6,338 -7,105
1,401 -6,671 -7,469
1,426 -6,959 -7,785
1,452 -7,159 -8,053
1,477 -7,315 -8,223
1,509 -7,337 -8,295
1,534 -7,292 -8,320
1,562 -7,181 -8,247
1,587 -7,004 -8,077
1,612 -6,737 -7,882
1,637 -6,404 -7,566
1,662 -6,049 -7,226
1,687 -5,583 -6,813
1,714 -5,050 -6,327
1,739 -4,473 -5,768
1,765 -3,874 -5,161
1,790 -3,185 -4,529
1,817 -2,475 -3,824
1,842 -1,742 -3,120
1,869 -0,943 -2,342
1,894 -0,188 -1,613
1,921 0,633 -0,811
1,946 1,388 -0,058
1,971 2,165 0,720
1,996 2,875 1,449
2,021 3,608 2,178
2,046 4,274 2,858
2,071 4,918 3,514
2,096 5,517 4,122
2,121 6,094 4,729
2,146 6,605 5,240
2,171 7,071 5,701
2,196 7,448 6,114
2,221 7,781 6,479
2,246 8,026 6,746
2,271 8,225 7,013
2,296 8,336 7,135
2,321 8,381 7,232
2,346 8,336 7,256
2,371 8,248 7,184
2,396 8,048 7,013
2,421 7,804 6,819
2,446 7,471 6,552
2,471 7,115 6,260
2,496 6,694 5,847
2,521 6,183 5,410
2,546 5,584 4,899
2,571 4,984 4,340
2,596 4,340 3,757
2,621 3,697 3,077
2,646 2,964 2,396
2,671 2,209 1,667
2,696 1,477 0,963
2,721 0,744 0,209
2,746 -0,033 -0,544
2,771 -0,766 -1,321
2,796 -1,520 -2,075
2,821 -2,253 -2,804
2,846 -2,941 -3,484
2,871 -3,585 -4,164
2,896 -4,229 -4,821
2,921 -4,784 -5,428
2,946 -5,317 -6,011
2,972 -5,783 -6,497
2,997 -6,205 -6,959
3,022 -6,582 -7,372
3,047 -6,848 -7,712
3,073 -7,048 -7,980
3,098 -7,204 -8,174
3,123 -7,315 -8,320
3,148 -7,292 -8,344
3,173 -7,226 -8,320
3,198 -7,070 -8,223
3,223 -6,848 -8,077
3,248 -6,538 -7,809
3,274 -6,205 -7,494
3,299 -5,783 -7,105
3,324 -5,317 -6,667
3,349 -4,806 -6,181
3,376 -4,207 -5,622
3,401 -3,563 -4,991
3,426 -2,897 -4,335
3,453 -2,186 -3,630
3,478 -1,409 -2,877
3,503 -0,677 -2,196
3,528 0,078 -1,419
3,555 0,877 -0,665
3,580 1,654 0,112
3,605 2,365 0,890
3,630 3,119 1,643
3,657 3,852 2,396
3,682 4,496 3,077
3,707 5,162 3,733
3,732 5,761 4,340
3,759 6,316 4,948
3,784 6,782 5,434
3,809 7,204 5,920
3,834 7,559 6,309
3,861 7,870 6,649
3,886 8,092 6,916
3,911 8,248 7,111
3,936 8,336 7,232
3,964 8,292 7,256
3,989 8,225 7,256
4,014 8,048 7,111
4,039 7,870 6,965
4,064 7,559 6,722
4,089 7,204 6,430
4,114 6,738 6,041
4,139 6,294 5,604
4,164 5,739 5,118
4,189 5,184 4,583
4,214 4,518 4,000
4,239 3,852 3,393
4,264 3,164 2,712
4,289 2,453 2,008
4,314 1,699 1,254
4,339 0,966 0,550
4,364 0,211 -0,252
4,389 -0,521 -0,981
4,414 -1,276 -1,734
4,439 -2,009 -2,463
4,464 -2,697 -3,217
4,489 -3,341 -3,921
4,514 -4,007 -4,578
4,539 -4,562 -5,209
4,564 -5,117 -5,817
4,589 -5,605 -6,303
4,614 -6,027 -6,837
4,639 -6,382 -7,226
4,664 -6,693 -7,615
4,689 -6,915 -7,882
4,714 -7,115 -8,125
4,739 -7,181 -8,247
4,764 -7,226 -8,344
4,789 -7,159 -8,368
4,814 -7,070 -8,320
4,839 -6,893 -8,174
4,865 -6,626 -7,980
4,890 -6,293 -7,639
4,915 -5,916 -7,348
4,940 -5,450 -6,910
4,965 -4,984 -6,424
4,990 -4,429 -5,914
5,015 -3,829 -5,355
5,040 -3,185 -4,723
5,065 -2,519 -4,092
5,090 -1,809 -3,387
5,115 -1,076 -2,658
5,140 -0,344 -1,905
5,165 0,389 -1,151
5,190 1,166 -0,398
5,215 1,898 0,355
5,240 2,631 1,109
5,265 3,341 1,838
5,290 4,030 2,542
5,315 4,673 3,223
5,340 5,273 3,879
5,365 5,850 4,462
5,390 6,383 5,045
5,415 6,805 5,531
5,440 7,226 5,993
5,465 7,559 6,382
5,490 7,848 6,698
5,515 8,048 6,941
5,540 8,203 7,135
5,565 8,270 7,256
5,590 8,248 7,305
5,615 8,159 7,281
5,640 8,003 7,184
5,665 7,759 7,013
5,690 7,471 6,770
5,715 7,138 6,455
5,740 6,738 6,090
5,765 6,227 5,677
5,790 5,672 5,191
5,815 5,095 4,632
5,840 4,496 4,073
5,865 3,830 3,417
5,890 3,164 2,761
5,915 2,431 2,056
5,940 1,743 1,352
5,965 0,988 0,598
5,990 0,233 -0,179
6,015 -0,521 -0,957
6,040 -1,232 -1,710
6,066 -2,009 -2,463
6,091 -2,719 -3,217
6,116 -3,341 -3,921
6,141 -3,962 -4,602
6,166 -4,540 -5,209
6,191 -5,072 -5,793
6,216 -5,561 -6,327
6,241 -5,983 -6,813
6,267 -6,338 -7,226
6,292 -6,649 -7,639
6,317 -6,871 -7,931
6,342 -7,048 -8,150
6,367 -7,115 -8,320
6,392 -7,159 -8,417
6,417 -7,093 -8,393
6,442 -6,982 -8,368
6,467 -6,782 -8,198
6,492 -6,538 -8,004
6,517 -6,205 -7,712
6,542 -5,827 -7,372
6,567 -5,405 -6,959
6,592 -4,917 -6,497
6,617 -4,318 -5,963
6,642 -3,763 -5,380
6,669 -3,074 -4,748
6,694 -2,408 -4,067
6,719 -1,676 -3,363
6,744 -0,965 -2,634
6,769 -0,233 -1,880
6,794 0,478 -1,151
6,819 1,232 -0,349
6,844 1,965 0,404
6,871 2,720 1,181
6,896 3,430 1,935
6,921 4,118 2,639
6,946 4,762 3,320
6,971 5,317 3,952
6,996 5,917 4,559
7,021 6,405 5,118
7,046 6,871 5,653
7,073 7,249 6,090
7,098 7,582 6,455
7,123 7,848 6,770
7,148 8,026 7,038
7,173 8,137 7,184
7,198 8,203 7,305
7,223 8,159 7,329
7,248 8,048 7,305
7,275 7,870 7,184
7,300 7,626 6,989
7,325 7,293 6,722
7,350 6,938 6,406
7,375 6,494 6,017
7,400 6,005 5,580
7,425 5,428 5,045
7,450 4,851 4,511
7,477 4,207 3,879
7,502 3,519 3,198
7,527 2,831 2,542
7,552 2,098 1,813
7,577 1,410 1,084
7,602 0,655 0,282
7,627 -0,077 -0,471
7,654 -0,877 -1,273
7,679 -1,609 -2,026
7,704 -2,320 -2,779
7,729 -2,986 -3,484
7,754 -3,629 -4,213
7,779 -4,184 -4,845
7,804 -4,784 -5,477
7,829 -5,272 -6,036
7,856 -5,738 -6,595
7,881 -6,138 -7,056
7,906 -6,427 -7,445
7,931 -6,715 -7,834
7,956 -6,893 -8,077
7,981 -7,048 -8,295
8,006 -7,093 -8,393
8,031 -7,070 -8,466
8,058 -6,959 -8,417
8,083 -6,804 -8,320
8,108 -6,560 -8,125
8,133 -6,271 -7,907
8,158 -5,938 -7,566
8,183 -5,539 -7,178
8,208 -5,050 -6,740
8,233 -4,562 -6,254
8,258 -3,985 -5,671
8,283 -3,385 -5,088
8,310 -2,653 -4,407
8,335 -2,009 -3,678
8,360 -1,276 -2,998
8,385 -0,566 -2,269
8,410 0,167 -1,492
8,435 0,899 -0,714
8,460 1,654 0,039
8,485 2,365 0,793
8,510 3,053 1,546
8,535 3,741 2,275
8,562 4,407 3,004
8,587 5,051 3,684
8,612 5,606 4,292
8,637 6,183 4,924
8,662 6,605 5,410
8,687 7,027 5,896
8,712 7,360 6,309
8,737 7,693 6,673
8,762 7,870 6,941
8,787 8,026 7,184
8,814 8,092 7,281
8,839 8,092 7,378
8,864 8,026 7,354
8,889 7,892 7,281
8,914 7,670 7,135
8,939 7,404 6,916
8,964 7,071 6,600
8,989 6,671 6,260
9,014 6,183 5,847
9,039 5,717 5,385
9,067 5,095 4,802
9,092 4,474 4,170
9,117 3,830 3,563
9,142 3,119 2,882
9,167 2,431 2,178
9,192 1,721 1,449
9,217 1,010 0,695
9,242 0,256 -0,106
9,267 -0,477 -0,811
9,292 -1,187 -1,613
9,319 -1,942 -2,415
9,344 -2,630 -3,168
9,369 -3,274 -3,897
9,394 -3,918 -4,578
9,419 -4,473 -5,185
9,444 -4,984 -5,817
9,469 -5,450 -6,351
9,494 -5,872 -6,862
9,519 -6,205 -7,275
9,544 -6,515 -7,664
9,572 -6,760 -8,004
9,597 -6,893 -8,198
9,622 -7,004 -8,393
9,647 -6,982 -8,466
9,672 -6,959 -8,490
9,697 -6,848 -8,393
9,722 -6,671 -8,295
9,747 -6,404 -8,077
9,772 -6,094 -7,785
9,797 -5,716 -7,396
9,827 -5,161 -6,910
9,852 -4,673 -6,473
9,877 -4,118 -5,890
9,902 -3,541 -5,307
9,927 -2,875 -4,651
9,952 -2,231 -3,994
9,977 -1,520 -3,290
10,002 -0,832 -2,561
10,027 -0,077 -1,807
10,052 0,633 -1,054
10,077 1,388 -0,252
10,102 2,076 0,501
10,127 2,764 1,303
10,152 3,452 2,008
10,177 4,118 2,737
10,202 4,718 3,393
10,227 5,317 4,073
10,252 5,850 4,632
10,277 6,338 5,191
10,302 6,760 5,701
10,327 7,160 6,163
10,352 7,448 6,503
10,377 7,737 6,843
10,402 7,870 7,086
10,427 8,003 7,281
10,452 8,048 7,378
10,477 8,048 7,402
10,502 7,915 7,354
10,527 7,737 7,281
10,552 7,493 7,062
10,577 7,182 6,819
10,602 6,805 6,503
10,627 6,405 6,114
10,652 5,894 5,653
10,677 5,406 5,167
10,702 4,829 4,608
10,727 4,229 4,025
10,752 3,541 3,344
10,777 2,897 2,664
10,802 2,187 1,959
10,827 1,499 1,206
10,852 0,744 0,428
10,877 0,034 -0,325
10,902 -0,699 -1,103
10,927 -1,387 -1,856
10,952 -2,098 -2,634
10,977 -2,741 -3,363
11,002 -3,385 -4,067
11,027 -3,962 -4,723
11,052 -4,562 -5,380
11,077 -5,050 -5,963
11,102 -5,516 -6,497
11,127 -5,894 -6,983
11,152 -6,227 -7,421
11,177 -6,493 -7,737
11,202 -6,715 -8,077
11,227 -6,848 -8,295
11,252 -6,915 -8,441
11,277 -6,937 -8,514
11,302 -6,871 -8,538
11,327 -6,760 -8,466
11,352 -6,560 -8,320
