Winkel von Pendel1 Winkel von Pendel20,025 1,787 -0,349
0,050 3,075 0,501
0,078 2,809 0,039
0,103 2,120 -0,665
0,128 1,388 -1,443
0,153 0,589 -2,220
0,178 -0,188 -2,950
0,203 -0,988 -3,678
0,228 -1,720 -4,383
0,253 -2,475 -5,064
0,278 -3,185 -5,671
0,303 -3,851 -6,254
0,328 -4,451 -6,789
0,353 -5,028 -7,299
0,378 -5,561 -7,688
0,403 -6,027 -8,053
0,428 -6,427 -8,344
0,453 -6,782 -8,538
0,478 -7,004 -8,636
0,503 -7,226 -8,733
0,528 -7,337 -8,733
0,553 -7,426 -8,660
0,578 -7,359 -8,490
0,603 -7,270 -8,271
0,628 -7,093 -7,980
0,653 -6,848 -7,591
0,678 -6,515 -7,153
0,703 -6,138 -6,692
0,728 -5,672 -6,133
0,753 -5,183 -5,550
0,778 -4,606 -4,893
0,803 -4,007 -4,237
0,828 -3,296 -3,533
0,853 -2,608 -2,804
0,878 -1,831 -2,050
0,903 -1,076 -1,321
0,928 -0,299 -0,568
0,953 0,478 0,185
0,978 1,277 0,963
1,003 2,076 1,692
1,028 2,853 2,421
1,054 3,652 3,101
1,079 4,363 3,709
1,104 5,095 4,316
1,129 5,739 4,851
1,154 6,383 5,337
1,179 6,938 5,774
1,207 7,515 6,212
1,232 7,959 6,479
1,260 8,314 6,722
1,285 8,625 6,916
1,310 8,825 6,989
1,335 9,002 6,989
1,360 9,025 6,941
1,385 9,025 6,819
1,410 8,914 6,625
1,435 8,758 6,382
1,460 8,492 6,017
1,485 8,181 5,653
1,510 7,781 5,215
1,535 7,337 4,705
1,560 6,782 4,146
1,585 6,227 3,563
1,610 5,584 2,907
1,635 4,895 2,226
1,661 4,118 1,497
1,686 3,386 0,793
1,713 2,564 -0,009
1,738 1,765 -0,762
1,765 0,899 -1,564
1,790 0,078 -2,293
1,817 -0,766 -3,022
1,842 -1,587 -3,776
1,868 -2,408 -4,456
1,893 -3,141 -5,112
1,920 -3,851 -5,744
1,945 -4,517 -6,279
1,973 -5,183 -6,789
1,998 -5,738 -7,251
2,025 -6,227 -7,639
2,050 -6,671 -7,955
2,075 -7,004 -8,150
2,100 -7,270 -8,344
2,125 -7,470 -8,417
2,150 -7,581 -8,441
2,175 -7,603 -8,393
2,200 -7,581 -8,295
2,225 -7,470 -8,077
2,250 -7,270 -7,834
2,275 -7,004 -7,494
2,300 -6,693 -7,105
2,325 -6,271 -6,643
2,350 -5,805 -6,181
2,375 -5,228 -5,598
2,400 -4,695 -5,015
2,425 -4,029 -4,407
2,450 -3,341 -3,751
2,475 -2,608 -3,022
2,500 -1,853 -2,342
2,525 -1,032 -1,613
2,550 -0,233 -0,884
2,575 0,589 -0,131
2,600 1,388 0,574
2,625 2,231 1,303
2,650 2,986 1,959
2,675 3,785 2,664
2,700 4,540 3,271
2,725 5,251 3,879
2,750 5,939 4,413
2,775 6,560 4,948
2,800 7,138 5,361
2,825 7,648 5,774
2,850 8,114 6,066
2,876 8,492 6,357
2,901 8,780 6,527
2,926 9,002 6,722
2,952 9,136 6,770
2,977 9,224 6,770
3,002 9,180 6,649
3,027 9,091 6,527
3,053 8,914 6,309
3,078 8,669 6,041
3,103 8,314 5,701
3,128 7,937 5,337
3,154 7,426 4,875
3,179 6,871 4,340
3,204 6,294 3,806
3,229 5,628 3,174
3,255 4,962 2,567
3,280 4,185 1,886
3,305 3,430 1,230
3,330 2,631 0,452
3,357 1,743 -0,277
3,382 0,899 -1,030
3,407 0,100 -1,734
3,432 -0,721 -2,463
3,459 -1,587 -3,192
3,484 -2,364 -3,849
3,509 -3,141 -4,529
3,534 -3,829 -5,112
3,560 -4,562 -5,720
3,585 -5,161 -6,206
3,610 -5,738 -6,716
3,635 -6,227 -7,105
3,662 -6,671 -7,469
3,687 -7,026 -7,785
3,712 -7,315 -8,028
3,737 -7,559 -8,150
3,764 -7,692 -8,247
3,789 -7,736 -8,271
3,814 -7,692 -8,198
3,839 -7,625 -8,101
3,866 -7,381 -7,882
3,891 -7,115 -7,615
3,916 -6,782 -7,275
3,941 -6,382 -6,910
3,968 -5,872 -6,424
3,993 -5,317 -5,914
4,018 -4,717 -5,355
4,043 -4,051 -4,796
4,068 -3,363 -4,189
4,093 -2,608 -3,508
4,118 -1,831 -2,852
4,143 -1,054 -2,148
4,168 -0,233 -1,443
4,193 0,611 -0,714
4,218 1,432 0,015
4,243 2,254 0,720
4,268 3,053 1,424
4,293 3,852 2,105
4,318 4,607 2,737
4,343 5,317 3,344
4,368 6,005 3,903
4,393 6,627 4,438
4,418 7,182 4,924
4,443 7,715 5,361
4,468 8,159 5,701
4,493 8,536 6,017
4,518 8,803 6,260
4,543 9,025 6,455
4,568 9,180 6,600
4,593 9,247 6,673
4,618 9,247 6,625
4,643 9,136 6,576
4,668 8,980 6,430
4,693 8,736 6,212
4,718 8,381 5,944
4,743 7,981 5,604
4,768 7,515 5,215
4,793 7,004 4,778
4,818 6,405 4,268
4,843 5,761 3,733
4,868 5,029 3,125
4,893 4,296 2,542
4,918 3,541 1,862
4,943 2,764 1,181
4,968 1,921 0,477
4,993 1,121 -0,252
5,018 0,278 -0,981
5,043 -0,544 -1,686
5,068 -1,343 -2,415
5,093 -2,142 -3,095
5,118 -2,919 -3,751
5,143 -3,629 -4,383
5,168 -4,295 -4,991
5,193 -4,939 -5,550
5,218 -5,516 -6,108
5,243 -6,049 -6,595
5,269 -6,493 -7,008
5,294 -6,871 -7,372
5,319 -7,204 -7,688
5,344 -7,448 -7,955
5,369 -7,648 -8,150
5,394 -7,692 -8,223
5,419 -7,714 -8,271
5,444 -7,625 -8,247
5,470 -7,492 -8,125
5,495 -7,248 -7,931
5,520 -6,937 -7,712
5,545 -6,560 -7,396
5,570 -6,138 -7,056
5,595 -5,605 -6,619
5,620 -5,050 -6,181
5,645 -4,384 -5,647
5,671 -3,740 -5,039
5,696 -3,008 -4,432
5,721 -2,275 -3,800
5,746 -1,476 -3,120
5,771 -0,699 -2,415
5,796 0,145 -1,686
5,821 0,966 -1,006
5,846 1,810 -0,277
5,873 2,675 0,501
5,898 3,452 1,206
5,923 4,229 1,910
5,948 4,940 2,567
5,973 5,650 3,198
5,998 6,294 3,757
6,023 6,893 4,340
6,048 7,426 4,826
6,073 7,915 5,288
6,098 8,270 5,677
6,123 8,625 6,041
6,148 8,869 6,284
6,173 9,069 6,503
6,198 9,158 6,600
6,223 9,180 6,722
6,248 9,113 6,722
6,274 8,980 6,698
6,299 8,758 6,552
6,324 8,470 6,357
6,349 8,070 6,090
6,374 7,670 5,798
6,399 7,138 5,385
6,424 6,583 4,997
6,449 5,961 4,462
6,475 5,295 3,927
6,500 4,540 3,320
6,525 3,808 2,688
6,550 3,031 2,008
6,575 2,254 1,352
6,600 1,432 0,598
6,625 0,633 -0,106
6,650 -0,188 -0,835
6,677 -1,054 -1,637
6,702 -1,853 -2,342
6,727 -2,608 -3,071
6,752 -3,341 -3,751
6,777 -4,007 -4,407
6,802 -4,651 -5,015
6,827 -5,228 -5,622
6,854 -5,805 -6,157
6,879 -6,293 -6,692
6,904 -6,671 -7,105
6,929 -7,004 -7,494
6,954 -7,270 -7,809
6,979 -7,448 -8,077
7,004 -7,537 -8,271
7,029 -7,559 -8,393
7,057 -7,492 -8,417
7,082 -7,381 -8,368
7,107 -7,137 -8,271
7,132 -6,871 -8,101
7,157 -6,560 -7,882
7,182 -6,094 -7,566
7,207 -5,605 -7,178
7,232 -5,072 -6,765
7,259 -4,451 -6,230
7,284 -3,785 -5,671
7,309 -3,074 -5,088
7,334 -2,342 -4,432
7,359 -1,587 -3,800
7,384 -0,788 -3,095
7,409 -0,011 -2,391
7,434 0,811 -1,637
7,460 1,610 -0,884
7,485 2,431 -0,155
7,510 3,208 0,598
7,535 3,963 1,327
7,560 4,673 2,032
7,585 5,362 2,737
7,610 6,005 3,344
7,635 6,605 3,927
7,663 7,182 4,583
7,688 7,670 5,069
7,713 8,092 5,531
7,738 8,381 5,896
7,763 8,647 6,260
7,788 8,847 6,503
7,813 8,936 6,722
7,838 8,980 6,892
7,866 8,936 6,941
7,891 8,780 6,916
7,916 8,558 6,843
7,941 8,270 6,673
7,966 7,937 6,479
7,991 7,493 6,187
8,016 7,027 5,847
8,041 6,472 5,410
8,067 5,850 4,899
8,092 5,184 4,389
8,117 4,496 3,806
8,142 3,785 3,223
8,167 3,031 2,542
8,192 2,276 1,862
8,217 1,477 1,157
8,242 0,700 0,404
8,267 -0,077 -0,374
8,292 -0,877 -1,127
8,319 -1,698 -1,880
8,344 -2,431 -2,634
8,369 -3,141 -3,387
8,394 -3,807 -4,067
8,419 -4,429 -4,772
8,444 -4,984 -5,380
8,469 -5,539 -5,987
8,494 -5,983 -6,497
8,519 -6,382 -7,008
8,544 -6,671 -7,421
8,571 -6,959 -7,858
8,596 -7,159 -8,174
8,621 -7,292 -8,417
8,646 -7,292 -8,563
8,671 -7,270 -8,660
8,696 -7,159 -8,660
8,721 -6,959 -8,636
8,746 -6,715 -8,490
8,771 -6,404 -8,295
8,796 -5,983 -8,004
8,823 -5,494 -7,615
8,848 -4,984 -7,226
8,873 -4,406 -6,740
8,898 -3,807 -6,206
8,923 -3,119 -5,647
8,948 -2,453 -5,064
8,973 -1,698 -4,359
8,998 -0,943 -3,678
9,023 -0,166 -2,901
9,048 0,589 -2,196
9,076 1,432 -1,370
9,101 2,209 -0,592
9,126 2,964 0,161
9,151 3,697 0,938
9,176 4,407 1,692
9,201 5,051 2,421
9,226 5,672 3,125
9,251 6,250 3,757
9,276 6,782 4,365
9,303 7,293 4,972
9,328 7,715 5,483
9,353 8,026 5,969
9,378 8,292 6,333
9,403 8,492 6,649
9,428 8,603 6,916
9,453 8,669 7,086
9,478 8,625 7,184
9,503 8,536 7,232
9,528 8,359 7,208
9,558 8,070 7,062
9,583 7,737 6,868
9,608 7,337 6,600
9,633 6,893 6,309
9,658 6,361 5,871
9,683 5,806 5,410
9,708 5,184 4,875
9,733 4,562 4,316
9,758 3,852 3,709
9,783 3,164 3,053
9,813 2,298 2,251
9,838 1,521 1,473
9,863 0,766 0,695
9,888 -0,011 -0,082
9,913 -0,743 -0,884
9,938 -1,498 -1,686
9,963 -2,209 -2,439
9,988 -2,919 -3,217
10,013 -3,563 -3,946
10,038 -4,140 -4,675
10,063 -4,673 -5,307
10,088 -5,183 -5,987
10,113 -5,627 -6,546
10,138 -6,049 -7,105
10,163 -6,360 -7,542
10,188 -6,649 -7,980
10,213 -6,804 -8,320
10,238 -6,959 -8,611
10,263 -6,982 -8,806
10,288 -6,982 -8,927
10,313 -6,848 -8,952
10,338 -6,715 -8,927
10,363 -6,471 -8,830
10,388 -6,182 -8,660
10,413 -5,827 -8,393
10,438 -5,428 -8,077
10,463 -4,939 -7,688
10,488 -4,406 -7,251
10,513 -3,851 -6,692
10,538 -3,252 -6,157
10,563 -2,586 -5,501
10,588 -1,876 -4,821
10,613 -1,165 -4,116
10,638 -0,455 -3,387
10,663 0,278 -2,585
10,688 1,033 -1,832
10,713 1,765 -1,006
10,738 2,498 -0,228
10,763 3,230 0,623
10,788 3,874 1,376
10,813 4,562 2,153
10,838 5,162 2,882
10,863 5,783 3,563
10,888 6,250 4,219
10,913 6,760 4,875
10,938 7,160 5,410
10,963 7,515 5,920
10,988 7,804 6,333
11,013 8,048 6,746
11,038 8,225 7,038
11,063 8,336 7,281
11,088 8,314 7,451
11,113 8,270 7,524
11,138 8,114 7,524
11,163 7,959 7,475
11,188 7,670 7,305
11,213 7,382 7,111
11,238 7,004 6,795
11,263 6,583 6,455
11,288 6,072 5,993
11,313 5,539 5,507
11,338 4,940 4,972
11,363 4,296 4,365
11,388 3,630 3,709
11,413 2,964 3,004
11,438 2,231 2,251
11,463 1,543 1,497
11,488 0,833 0,695
11,513 0,100 -0,106
11,538 -0,632 -0,933
11,563 -1,298 -1,734
11,588 -2,009 -2,561
11,613 -2,675 -3,338
11,638 -3,274 -4,092
11,663 -3,829 -4,821
11,688 -4,362 -5,525
11,713 -4,850 -6,181
11,738 -5,317 -6,789
11,763 -5,672 -7,323
11,788 -6,049 -7,834
11,813 -6,249 -8,247
11,838 -6,449 -8,636
11,863 -6,582 -8,903
11,888 -6,649 -9,122
11,913 -6,649 -9,195
11,941 -6,582 -9,268
11,966 -6,427 -9,219
11,991 -6,227 -9,122
12,016 -5,938 -8,903
