Winkel von Pendel1 Winkel von Pendel20,025 -6,915 -8,587
0,050 -7,048 -8,781
0,089 -7,004 -8,830
0,114 -6,893 -8,757
0,142 -6,693 -8,611
0,167 -6,427 -8,393
0,192 -6,071 -8,101
0,219 -5,650 -7,712
0,244 -5,161 -7,251
0,269 -4,651 -6,789
0,294 -4,073 -6,230
0,319 -3,496 -5,671
0,344 -2,786 -5,039
0,369 -2,098 -4,383
0,394 -1,343 -3,654
0,419 -0,588 -2,974
0,444 0,211 -2,220
0,469 0,944 -1,467
0,494 1,721 -0,665
0,519 2,476 0,064
0,544 3,230 0,817
0,569 3,941 1,570
0,594 4,651 2,275
0,619 5,273 2,955
0,644 5,917 3,587
0,669 6,472 4,195
0,694 7,004 4,754
0,719 7,448 5,240
0,744 7,870 5,701
0,769 8,159 6,090
0,794 8,447 6,430
0,819 8,625 6,649
0,844 8,736 6,819
0,869 8,758 6,941
0,894 8,758 6,989
0,919 8,625 6,916
0,944 8,470 6,843
0,969 8,203 6,649
0,994 7,892 6,430
1,019 7,493 6,090
1,044 7,071 5,726
1,069 6,560 5,264
1,094 6,050 4,778
1,119 5,384 4,170
1,144 4,784 3,587
1,169 4,074 2,907
1,194 3,386 2,251
1,219 2,675 1,522
1,244 1,965 0,793
1,269 1,210 0,015
1,294 0,455 -0,762
1,319 -0,299 -1,564
1,344 -1,010 -2,318
1,369 -1,742 -3,095
1,394 -2,408 -3,849
1,419 -3,074 -4,578
1,444 -3,696 -5,258
1,469 -4,273 -5,914
1,494 -4,762 -6,497
1,519 -5,228 -7,080
1,544 -5,650 -7,566
1,570 -6,005 -8,053
1,595 -6,271 -8,368
1,620 -6,493 -8,684
1,645 -6,626 -8,903
1,671 -6,715 -9,097
1,696 -6,693 -9,170
1,730 -6,604 -9,170
1,755 -6,427 -9,024
1,784 -6,160 -8,830
1,811 -5,849 -8,538
1,836 -5,450 -8,150
1,861 -5,050 -7,737
1,886 -4,562 -7,251
1,911 -4,051 -6,740
1,936 -3,452 -6,133
1,963 -2,808 -5,452
1,988 -2,164 -4,772
2,014 -1,454 -4,019
2,039 -0,743 -3,241
2,064 -0,011 -2,463
2,089 0,700 -1,686
2,114 1,477 -0,884
2,139 2,165 -0,082
2,164 2,897 0,744
2,189 3,563 1,522
2,214 4,229 2,275
2,239 4,851 2,955
2,264 5,450 3,684
2,289 6,028 4,268
2,314 6,538 4,899
2,339 6,960 5,410
2,364 7,382 5,896
2,389 7,715 6,284
2,414 8,003 6,649
2,439 8,181 6,916
2,464 8,336 7,111
2,489 8,403 7,232
2,514 8,425 7,305
2,539 8,336 7,256
2,567 8,203 7,135
2,592 7,981 6,941
2,617 7,715 6,673
2,642 7,337 6,333
2,667 6,982 5,944
2,692 6,494 5,458
2,717 6,005 4,948
2,742 5,450 4,340
2,767 4,851 3,709
2,792 4,207 3,004
2,817 3,586 2,299
2,842 2,875 1,522
2,867 2,209 0,720
2,892 1,477 -0,106
2,917 0,766 -0,884
2,942 0,034 -1,686
2,968 -0,677 -2,512
2,993 -1,365 -3,338
3,018 -2,031 -4,116
3,043 -2,697 -4,821
3,069 -3,319 -5,574
3,094 -3,874 -6,230
3,119 -4,384 -6,837
3,144 -4,850 -7,372
3,171 -5,294 -7,907
3,196 -5,627 -8,344
3,221 -5,938 -8,709
3,246 -6,182 -8,952
3,272 -6,360 -9,195
3,297 -6,449 -9,292
3,322 -6,515 -9,365
3,347 -6,449 -9,292
3,374 -6,338 -9,195
3,399 -6,160 -9,000
3,424 -5,938 -8,709
3,449 -5,672 -8,344
3,476 -5,250 -7,907
3,501 -4,850 -7,421
3,526 -4,384 -6,862
3,554 -3,807 -6,181
3,579 -3,230 -5,525
3,604 -2,630 -4,796
3,629 -1,964 -4,067
3,656 -1,232 -3,217
3,681 -0,566 -2,439
3,706 0,167 -1,613
3,731 0,877 -0,835
3,758 1,632 0,039
3,783 2,320 0,841
3,808 3,031 1,619
3,833 3,674 2,372
3,860 4,385 3,150
3,885 5,006 3,854
3,910 5,561 4,462
3,935 6,139 5,045
3,961 6,627 5,555
3,986 7,071 6,041
4,011 7,426 6,406
4,036 7,759 6,770
4,061 8,026 6,965
4,086 8,203 7,135
4,111 8,336 7,256
4,136 8,381 7,305
4,161 8,359 7,208
4,186 8,270 7,086
4,211 8,092 6,868
4,236 7,892 6,600
4,261 7,626 6,212
4,286 7,271 5,823
4,311 6,849 5,312
4,336 6,427 4,778
4,361 5,872 4,170
4,386 5,339 3,539
4,411 4,740 2,858
4,436 4,096 2,153
4,461 3,408 1,376
4,486 2,742 0,623
4,511 2,009 -0,204
4,536 1,321 -1,006
4,561 0,589 -1,832
4,586 -0,122 -2,585
4,611 -0,854 -3,363
4,636 -1,543 -4,092
4,661 -2,231 -4,845
4,686 -2,875 -5,501
4,711 -3,496 -6,157
4,736 -4,029 -6,740
4,761 -4,562 -7,275
4,786 -5,028 -7,737
4,811 -5,472 -8,150
4,836 -5,805 -8,490
4,862 -6,116 -8,781
4,887 -6,338 -8,976
4,912 -6,493 -9,122
4,937 -6,582 -9,146
4,962 -6,626 -9,122
4,987 -6,582 -9,000
5,012 -6,493 -8,830
5,037 -6,293 -8,563
5,062 -6,071 -8,223
5,087 -5,783 -7,785
5,112 -5,428 -7,348
5,137 -4,984 -6,813
5,162 -4,517 -6,254
5,187 -3,962 -5,647
5,212 -3,385 -4,991
5,237 -2,741 -4,262
5,262 -2,098 -3,533
5,287 -1,387 -2,755
5,312 -0,699 -2,002
5,337 0,056 -1,200
5,362 0,766 -0,471
5,387 1,499 0,355
5,412 2,254 1,084
5,437 2,986 1,838
5,462 3,674 2,518
5,487 4,385 3,198
5,512 5,006 3,806
5,537 5,650 4,413
5,562 6,205 4,948
5,587 6,716 5,434
5,612 7,182 5,847
5,637 7,626 6,212
5,662 7,937 6,479
5,687 8,225 6,698
5,712 8,425 6,843
5,737 8,625 6,916
5,762 8,647 6,916
5,787 8,692 6,868
5,812 8,558 6,698
5,837 8,470 6,503
5,863 8,248 6,187
5,888 7,937 5,871
5,913 7,582 5,434
5,938 7,182 4,972
5,963 6,649 4,413
5,988 6,139 3,879
6,013 5,539 3,247
6,038 4,940 2,591
6,064 4,252 1,886
6,089 3,541 1,133
6,114 2,831 0,404
6,139 2,076 -0,349
6,164 1,299 -1,127
6,189 0,566 -1,880
6,214 -0,211 -2,609
6,239 -0,965 -3,363
6,265 -1,698 -4,043
6,290 -2,431 -4,748
6,315 -3,097 -5,404
6,340 -3,718 -6,011
6,365 -4,318 -6,546
6,390 -4,850 -7,032
6,415 -5,339 -7,469
6,440 -5,783 -7,882
6,466 -6,160 -8,174
6,491 -6,471 -8,441
6,516 -6,693 -8,587
6,541 -6,871 -8,709
6,566 -6,937 -8,733
6,591 -6,959 -8,733
6,616 -6,871 -8,611
6,641 -6,760 -8,441
6,668 -6,560 -8,174
6,693 -6,293 -7,858
6,718 -5,916 -7,445
6,743 -5,516 -7,032
6,768 -5,050 -6,522
6,793 -4,517 -6,011
6,818 -3,940 -5,380
6,843 -3,319 -4,772
6,869 -2,630 -4,092
6,894 -1,920 -3,387
6,919 -1,165 -2,634
6,944 -0,433 -1,929
6,969 0,344 -1,176
6,994 1,121 -0,471
7,019 1,898 0,258
7,044 2,631 0,987
7,070 3,386 1,740
7,095 4,141 2,396
7,120 4,829 3,053
7,145 5,495 3,660
7,170 6,094 4,219
7,195 6,671 4,729
7,220 7,182 5,191
7,245 7,626 5,604
7,272 8,026 5,944
7,297 8,359 6,236
7,322 8,603 6,406
7,347 8,780 6,576
7,372 8,869 6,625
7,397 8,914 6,649
7,422 8,803 6,552
7,447 8,714 6,430
7,474 8,470 6,212
7,499 8,181 5,969
7,524 7,848 5,604
7,549 7,426 5,240
7,574 6,938 4,754
7,599 6,405 4,243
7,624 5,806 3,709
7,649 5,162 3,125
7,676 4,451 2,469
7,701 3,719 1,740
7,726 2,986 1,084
7,751 2,209 0,331
7,776 1,477 -0,374
7,801 0,677 -1,127
7,826 -0,077 -1,832
7,854 -0,921 -2,634
7,879 -1,676 -3,387
7,904 -2,431 -4,092
7,929 -3,119 -4,699
7,954 -3,763 -5,355
7,979 -4,340 -5,914
8,004 -4,895 -6,473
8,029 -5,383 -6,935
8,055 -5,849 -7,372
8,080 -6,205 -7,785
8,105 -6,515 -8,077
8,130 -6,760 -8,344
8,155 -6,915 -8,514
8,180 -7,004 -8,611
8,205 -7,004 -8,660
8,230 -6,959 -8,636
8,255 -6,804 -8,514
8,280 -6,604 -8,368
8,306 -6,293 -8,077
8,331 -5,983 -7,785
8,356 -5,539 -7,396
8,381 -5,095 -6,959
8,406 -4,562 -6,497
8,431 -4,007 -5,963
8,456 -3,363 -5,380
8,481 -2,719 -4,748
8,506 -1,987 -4,092
8,531 -1,276 -3,435
8,559 -0,433 -2,634
8,584 0,322 -1,905
8,609 1,099 -1,127
8,634 1,876 -0,398
8,659 2,653 0,331
8,684 3,364 1,084
8,709 4,074 1,765
8,734 4,740 2,445
8,759 5,406 3,101
8,784 6,005 3,709
8,811 6,605 4,292
8,836 7,115 4,851
8,861 7,537 5,288
8,886 7,915 5,701
8,911 8,225 6,041
8,936 8,492 6,333
8,961 8,647 6,503
8,986 8,714 6,649
9,011 8,736 6,722
9,036 8,692 6,746
9,063 8,558 6,649
9,088 8,336 6,552
9,113 8,048 6,333
9,138 7,715 6,066
9,163 7,293 5,701
9,188 6,849 5,312
9,213 6,338 4,826
9,238 5,761 4,340
9,263 5,117 3,733
9,288 4,474 3,125
9,315 3,741 2,421
9,340 3,008 1,740
9,365 2,276 1,011
9,390 1,543 0,282
9,415 0,788 -0,495
9,440 0,056 -1,224
9,465 -0,699 -1,977
9,490 -1,387 -2,755
9,515 -2,120 -3,460
9,540 -2,786 -4,164
9,568 -3,474 -4,893
9,593 -4,073 -5,574
9,618 -4,584 -6,181
9,643 -5,095 -6,740
9,668 -5,516 -7,226
9,693 -5,872 -7,688
9,718 -6,160 -8,053
9,743 -6,427 -8,393
9,768 -6,582 -8,636
9,793 -6,693 -8,806
9,823 -6,715 -8,927
9,848 -6,649 -8,927
9,873 -6,538 -8,879
9,898 -6,316 -8,709
9,923 -6,094 -8,514
9,948 -5,738 -8,223
9,973 -5,383 -7,882
9,998 -4,917 -7,445
10,023 -4,429 -7,008
10,048 -3,896 -6,473
10,073 -3,296 -5,914
10,098 -2,653 -5,258
10,123 -2,009 -4,602
10,148 -1,276 -3,873
10,173 -0,588 -3,144
10,198 0,122 -2,366
10,223 0,855 -1,637
10,248 1,588 -0,835
10,273 2,276 -0,082
10,298 3,008 0,720
10,323 3,674 1,449
10,348 4,363 2,178
10,373 4,962 2,882
10,398 5,584 3,563
10,423 6,116 4,170
10,448 6,627 4,754
10,473 7,049 5,264
10,498 7,448 5,750
10,523 7,759 6,114
10,548 8,026 6,455
10,573 8,203 6,722
10,598 8,336 6,916
10,623 8,381 7,038
10,648 8,359 7,111
10,673 8,270 7,013
10,698 8,137 6,941
10,723 7,892 6,722
10,748 7,626 6,503
10,773 7,271 6,187
10,798 6,893 5,798
10,823 6,427 5,337
10,848 5,917 4,851
10,873 5,339 4,292
10,898 4,784 3,684
10,923 4,118 2,980
10,948 3,497 2,275
10,973 2,809 1,570
10,998 2,120 0,793
11,023 1,388 -0,009
11,048 0,700 -0,762
11,073 -0,011 -1,564
11,098 -0,699 -2,318
11,123 -1,387 -3,120
11,148 -2,031 -3,849
11,173 -2,697 -4,602
11,198 -3,252 -5,307
11,223 -3,829 -5,963
11,248 -4,340 -6,546
11,273 -4,828 -7,105
11,298 -5,206 -7,591
11,323 -5,583 -8,053
