Galaxies   N (Ceph}   DM    Error  v (Helio) v (CMB)   
                                    [km/s]    [km/s]

NGC 300      16      26.53   0.07     144      -57  
NGC 925      73      29.80   0.04     553      398  
NGC 1326A    17      31.04   0.09    1836     1787  
NGC 1365     52      31.18   0.05    1636     1597  
NGC 1425     29      31.60   0.05    1512     1477  
NGC 2403     10      27.48   0.10     131      216  
NGC 2541     34      30.25   0.05     559      736  
NGC 2090     34      30.29   0.08     931     1057  
NGC 3031     25      27.75   0.08     -34       65  
NGC 3198     42      30.68   0.08     662      890  
NGC 3351     49      29.85   0.09     778     1117  
NGC 3368     11      29.97   0.06     897     1236  
NGC 3621     69      29.08   0.06     805     1152  
NGC 4321     52      30.78   0.07    1571     1856  
NGC 4414      9      31.10   0.05     716      959  
NGC 4496A    98      30.81   0.03    1730     2024  
NGC 4548     24      30.88   0.05     486      763  
NGC 4535     50      30.85   0.05    1961     2248  
NGC 4536     39      30.80   0.04    1804     2097  
NGC 4639     17      31.61   0.08    1010     1283  
NGC 4725     20      30.38   0.06    1206     1446  
NGC 5253      7      27.56   0.14     404      612  
NGC 7331     13      30.81   0.09     816      508  
IC  4182     18      28.28   0.06     321      513  
