SN       z    sigma_z  m(obs) sigma  A_E    K BB   Delta  sigma B
                       (peak) (peak)              (corr)

1992bi  0.458  0.001   22.12  0.10   0.03  -0.72   0.30   0.46 
1994F   0.354  0.001   22.08  0.10   0.11  -0.58  -0.17   0.33 
1994G   0.425  0.001   21.52  0.21   0.03  -0.68  -0.04   0.49 
1994H   0.374  0.001   21.28  0.06   0.10  -0.61  -0.07   0.22 
1994al  0.420  0.001   22.37  0.06   0.42  -0.68  -0.08   0.25 
1994am  0.372  0.001   21.82  0.07   0.10  -0.61  -0.06   0.20 
1994an  0.378  0.001   22.14  0.08   0.21  -0.62   0.03   0.37 
1995aq  0.453  0.001   22.60  0.07   0.21  -0.71  -0.07   0.25 
1995ar  0.465  0.005   22.71  0.04   0.07  -0.71  -0.02   0.30 
1995as  0.498  0.001   23.02  0.07   0.07  -0.71   0.05   0.25 
1995at  0.655  0.001   22.62  0.03   0.07  -0.66   0.06   0.21 
1995aw  0.400  0.030   21.75  0.03   0.12  -0.65   0.09   0.19 
1995ax  0.615  0.001   22.53  0.07   0.11  -0.67   0.09   0.25 
1995ay  0.480  0.001   22.64  0.04   0.35  -0.72  -0.04   0.24 
1995az  0.450  0.001   22.44  0.07   0.61  -0.71  -0.02   0.23 
1995ba  0.388  0.001   22.08  0.04   0.06  -0.63  -0.01   0.20 
1996cf  0.570  0.010   22.70  0.03   0.13  -0.68   0.02   0.22 
1996cg  0.490  0.010   22.46  0.03   0.11  -0.72   0.04   0.20 
1996ci  0.495  0.001   22.19  0.03   0.09  -0.71   0.01   0.19 
1996ck  0.656  0.001   23.08  0.07   0.13  -0.66  -0.05   0.28 
1996cl  0.828  0.001   23.53  0.10   0.18  -1.22   0.07   0.54 
1996cm  0.450  0.010   22.66  0.07   0.15  -0.71  -0.05   0.23 
1996cn  0.430  0.010   22.58  0.03   0.08  -0.69  -0.06   0.22 
1997F   0.580  0.001   22.90  0.06   0.13  -0.68   0.01   0.23 
1997G   0.763  0.001   23.56  0.41   0.20  -1.13  -0.02   0.53 
1997H   0.526  0.001   22.68  0.05   0.16  -0.70  -0.06   0.20 
1997I   0.172  0.001   20.04  0.02   0.16  -0.33  -0.03   0.18 
1997J   0.619  0.001   23.25  0.08   0.13  -0.67   0.00   0.28 
1997K   0.592  0.001   23.73  0.10   0.07  -0.67   0.09   0.37 
1997L   0.550  0.010   22.93  0.05   0.08  -0.69  -0.02   0.25 
1997N   0.180  0.001   20.19  0.01   0.10  -0.34   0.01   0.17 
1997O   0.374  0.001   22.97  0.07   0.09  -0.61   0.02   0.24 
1997P   0.472  0.001   22.52  0.04   0.10  -0.72  -0.03   0.19 
1997Q   0.430  0.010   22.01  0.03   0.09  -0.69  -0.03   0.18 
1997R   0.657  0.001   23.28  0.05   0.11  -0.66   0.00   0.23 
1997S   0.621  0.001   23.03  0.05   0.11  -0.67   0.10   0.21 
1997ac  0.320  0.010   21.38  0.03   0.09  -0.55   0.03   0.18 
1997af  0.579  0.001   22.96  0.07   0.09  -0.68  -0.06   0.22 
1997ai  0.450  0.010   22.25  0.05   0.14  -0.71   0.02   0.30 
1997aj  0.581  0.001   22.55  0.06   0.11  -0.68  -0.03   0.22 
1997am  0.416  0.001   21.97  0.03   0.11  -0.67   0.05   0.20 
1997ap  0.830  0.010   23.20  0.07   0.13  -1.23   0.02   0.22 
